# GNUBANDS: Utility for SIESTA to transform bands output into Gnuplot format
#
#                                                  Emilio Artacho, Feb. 1999
#                                                   Alberto Garcia, May 2012
#                                         Nick Papior, April 2013, July 2016
# --------------------------------------------------------------------------
# Bands for all spins
# E_F / orig        =      0.0000    -4.3836
# k_min, k_max      =     0.0000    1.6625
# E_min, E_max      =   -15.0000   15.0000
# Nbands, Nspin, Nk =     26     2   106
# Using min_band, max_band =      1    26
# Total number of bands =     26
#
#        k            E[eV]
# --------------------------------------------------------------------------

      0.000000    -12.199316  1
      0.015833    -12.196716  1
      0.031666    -12.188616  1
      0.047499    -12.174816  1
      0.063332    -12.154916  1
      0.079165    -12.128716  1
      0.094998    -12.096416  1
      0.110831    -12.057816  1
      0.126663    -12.013116  1
      0.142496    -11.962316  1
      0.158329    -11.905516  1
      0.174162    -11.842716  1
      0.189995    -11.774016  1
      0.205828    -11.699516  1
      0.221661    -11.619316  1
      0.237494    -11.533516  1
      0.253327    -11.442216  1
      0.269160    -11.345716  1
      0.284993    -11.244016  1
      0.300826    -11.137416  1
      0.316659    -11.026016  1
      0.332492    -10.910016  1
      0.348325    -10.789816  1
      0.364158    -10.665616  1
      0.379990    -10.537816  1
      0.395823    -10.406716  1
      0.411656    -10.272916  1
      0.427489    -10.136916  1
      0.443322     -9.999316  1
      0.459155     -9.860916  1
      0.474988     -9.722516  1
      0.490821     -9.585116  1
      0.506654     -9.449816  1
      0.522487     -9.317916  1
      0.538320     -9.190616  1
      0.554153     -9.075716  1
      0.569986     -9.188016  1
      0.585819     -9.295516  1
      0.601652     -9.396216  1
      0.617484     -9.490216  1
      0.633317     -9.577416  1
      0.649150     -9.657816  1
      0.664983     -9.731516  1
      0.680816     -9.798416  1
      0.696649     -9.858616  1
      0.712482     -9.912116  1
      0.728315     -9.958916  1
      0.744148     -9.998916  1
      0.759981    -10.032316  1
      0.775814    -10.059016  1
      0.791647    -10.079016  1
      0.807480    -10.092316  1
      0.823313    -10.098916  1
      0.839146    -10.098916  1
      0.854979    -10.092316  1
      0.870811    -10.079016  1
      0.886644    -10.059016  1
      0.902477    -10.032316  1
      0.918310     -9.998916  1
      0.934143     -9.958916  1
      0.949976     -9.912116  1
      0.965809     -9.858616  1
      0.981642     -9.798416  1
      0.997475     -9.731516  1
      1.013308     -9.657816  1
      1.029141     -9.577416  1
      1.044974     -9.490216  1
      1.060807     -9.396216  1
      1.076640     -9.295516  1
      1.092473     -9.188016  1
      1.108306     -9.075716  1
      1.124138     -9.196516  1
      1.139971     -9.323316  1
      1.155804     -9.454716  1
      1.171637     -9.589516  1
      1.187470     -9.726416  1
      1.203303     -9.864416  1
      1.219136    -10.002416  1
      1.234969    -10.139716  1
      1.250802    -10.275416  1
      1.266635    -10.409016  1
      1.282468    -10.539816  1
      1.298301    -10.667416  1
      1.314134    -10.791416  1
      1.329967    -10.911416  1
      1.345800    -11.027216  1
      1.361633    -11.138516  1
      1.377465    -11.245016  1
      1.393298    -11.346516  1
      1.409131    -11.443016  1
      1.424964    -11.534116  1
      1.440797    -11.619816  1
      1.456630    -11.699916  1
      1.472463    -11.774416  1
      1.488296    -11.843016  1
      1.504129    -11.905816  1
      1.519962    -11.962516  1
      1.535795    -12.013316  1
      1.551628    -12.057916  1
      1.567461    -12.096516  1
      1.583294    -12.128816  1
      1.599127    -12.154916  1
      1.614960    -12.174816  1
      1.630792    -12.188616  1
      1.646625    -12.196716  1
      1.662458    -12.199316  1


      0.000000     -3.158116  1
      0.015833     -3.155016  1
      0.031666     -3.145616  1
      0.047499     -3.130016  1
      0.063332     -3.108216  1
      0.079165     -3.080116  1
      0.094998     -3.045916  1
      0.110831     -3.245416  1
      0.126663     -3.523116  1
      0.142496     -3.799616  1
      0.158329     -4.073616  1
      0.174162     -4.344016  1
      0.189995     -4.610416  1
      0.205828     -4.872016  1
      0.221661     -5.128616  1
      0.237494     -5.379816  1
      0.253327     -5.625416  1
      0.269160     -5.865116  1
      0.284993     -6.098816  1
      0.300826     -6.326416  1
      0.316659     -6.547716  1
      0.332492     -6.762616  1
      0.348325     -6.971116  1
      0.364158     -7.173016  1
      0.379990     -7.368416  1
      0.395823     -7.557116  1
      0.411656     -7.739116  1
      0.427489     -7.914516  1
      0.443322     -8.083116  1
      0.459155     -8.244916  1
      0.474988     -8.400016  1
      0.490821     -8.548316  1
      0.506654     -8.689816  1
      0.522487     -8.824516  1
      0.538320     -8.952416  1
      0.554153     -9.067116  1
      0.569986     -8.955116  1
      0.585819     -8.849616  1
      0.601652     -8.753516  1
      0.617484     -8.667716  1
      0.633317     -8.592516  1
      0.649150     -8.527816  1
      0.664983     -8.473316  1
      0.680816     -8.428216  1
      0.696649     -8.391616  1
      0.712482     -8.362516  1
      0.728315     -8.339716  1
      0.744148     -8.322316  1
      0.759981     -8.309316  1
      0.775814     -8.299816  1
      0.791647     -8.293316  1
      0.807480     -8.289316  1
      0.823313     -8.287316  1
      0.839146     -8.287316  1
      0.854979     -8.289316  1
      0.870811     -8.293316  1
      0.886644     -8.299816  1
      0.902477     -8.309316  1
      0.918310     -8.322316  1
      0.934143     -8.339716  1
      0.949976     -8.362516  1
      0.965809     -8.391616  1
      0.981642     -8.428216  1
      0.997475     -8.473316  1
      1.013308     -8.527816  1
      1.029141     -8.592516  1
      1.044974     -8.667716  1
      1.060807     -8.753516  1
      1.076640     -8.849616  1
      1.092473     -8.955116  1
      1.108306     -9.067116  1
      1.124138     -8.945916  1
      1.139971     -8.818016  1
      1.155804     -8.683316  1
      1.171637     -8.541816  1
      1.187470     -8.393516  1
      1.203303     -8.238516  1
      1.219136     -8.076616  1
      1.234969     -7.908016  1
      1.250802     -7.732716  1
      1.266635     -7.550716  1
      1.282468     -7.362016  1
      1.298301     -7.166616  1
      1.314134     -6.964716  1
      1.329967     -6.756216  1
      1.345800     -6.541316  1
      1.361633     -6.320116  1
      1.377465     -6.092516  1
      1.393298     -5.858816  1
      1.409131     -5.619116  1
      1.424964     -5.373616  1
      1.440797     -5.122416  1
      1.456630     -4.865816  1
      1.472463     -4.604216  1
      1.488296     -4.337916  1
      1.504129     -4.067416  1
      1.519962     -3.793516  1
      1.535795     -3.517016  1
      1.551628     -3.239316  1
      1.567461     -3.045916  1
      1.583294     -3.080116  1
      1.599127     -3.108216  1
      1.614960     -3.130016  1
      1.630792     -3.145616  1
      1.646625     -3.155016  1
      1.662458     -3.158116  1


      0.000000     -1.762716  1
      0.015833     -1.818116  1
      0.031666     -1.971116  1
      0.047499     -2.184416  1
      0.063332     -2.431116  1
      0.079165     -2.695316  1
      0.094998     -2.968516  1
      0.110831     -3.005516  1
      0.126663     -2.959016  1
      0.142496     -2.906416  1
      0.158329     -2.847816  1
      0.174162     -2.783216  1
      0.189995     -2.712716  1
      0.205828     -2.767216  1
      0.221661     -2.903616  1
      0.237494     -3.043016  1
      0.253327     -3.184616  1
      0.269160     -3.327116  1
      0.284993     -3.469616  1
      0.300826     -3.611316  1
      0.316659     -3.751116  1
      0.332492     -3.888316  1
      0.348325     -4.022016  1
      0.364158     -4.151516  1
      0.379990     -4.276016  1
      0.395823     -4.394716  1
      0.411656     -4.506716  1
      0.427489     -4.611416  1
      0.443322     -4.707716  1
      0.459155     -4.794816  1
      0.474988     -4.871716  1
      0.490821     -4.937316  1
      0.506654     -4.990516  1
      0.522487     -5.030116  1
      0.538320     -5.054816  1
      0.554153     -5.063416  1
      0.569986     -5.054816  1
      0.585819     -5.028016  1
      0.601652     -4.982416  1
      0.617484     -4.917716  1
      0.633317     -4.834216  1
      0.649150     -4.732716  1
      0.664983     -4.614616  1
      0.680816     -4.482016  1
      0.696649     -4.337516  1
      0.712482     -4.184616  1
      0.728315     -4.027416  1
      0.744148     -3.870816  1
      0.759981     -3.721016  1
      0.775814     -3.585316  1
      0.791647     -3.471916  1
      0.807480     -3.389716  1
      0.823313     -3.346316  1
      0.839146     -3.346316  1
      0.854979     -3.389716  1
      0.870811     -3.471916  1
      0.886644     -3.585316  1
      0.902477     -3.721016  1
      0.918310     -3.870816  1
      0.934143     -4.027416  1
      0.949976     -4.184616  1
      0.965809     -4.337516  1
      0.981642     -4.482016  1
      0.997475     -4.614616  1
      1.013308     -4.732716  1
      1.029141     -4.834216  1
      1.044974     -4.917716  1
      1.060807     -4.982416  1
      1.076640     -5.028016  1
      1.092473     -5.054816  1
      1.108306     -5.063416  1
      1.124138     -5.055316  1
      1.139971     -5.031216  1
      1.155804     -4.992116  1
      1.171637     -4.939416  1
      1.187470     -4.874316  1
      1.203303     -4.797816  1
      1.219136     -4.711016  1
      1.234969     -4.615116  1
      1.250802     -4.510716  1
      1.266635     -4.399016  1
      1.282468     -4.280616  1
      1.298301     -4.156316  1
      1.314134     -4.027116  1
      1.329967     -3.893516  1
      1.345800     -3.756616  1
      1.361633     -3.616916  1
      1.377465     -3.475416  1
      1.393298     -3.333116  1
      1.409131     -3.190716  1
      1.424964     -3.049316  1
      1.440797     -2.909916  1
      1.456630     -2.773716  1
      1.472463     -2.712916  1
      1.488296     -2.783316  1
      1.504129     -2.847916  1
      1.519962     -2.906516  1
      1.535795     -2.959116  1
      1.551628     -3.005616  1
      1.567461     -2.962316  1
      1.583294     -2.689116  1
      1.599127     -2.424716  1
      1.614960     -2.177916  1
      1.630792     -1.964216  1
      1.646625     -1.810816  1
      1.662458     -1.762716  1


      0.000000     -1.753216  1
      0.015833     -1.762116  1
      0.031666     -1.782816  1
      0.047499     -1.816816  1
      0.063332     -1.863716  1
      0.079165     -1.923416  1
      0.094998     -1.995116  1
      0.110831     -2.078316  1
      0.126663     -2.172216  1
      0.142496     -2.275916  1
      0.158329     -2.388316  1
      0.174162     -2.508416  1
      0.189995     -2.635116  1
      0.205828     -2.636416  1
      0.221661     -2.554416  1
      0.237494     -2.466816  1
      0.253327     -2.373816  1
      0.269160     -2.275416  1
      0.284993     -2.171916  1
      0.300826     -2.063616  1
      0.316659     -1.950516  1
      0.332492     -1.832916  1
      0.348325     -1.711316  1
      0.364158     -1.585916  1
      0.379990     -1.457016  1
      0.395823     -1.325316  1
      0.411656     -1.191116  1
      0.427489     -1.055016  1
      0.443322     -0.917816  1
      0.459155     -0.780116  1
      0.474988     -0.642716  1
      0.490821     -0.506716  1
      0.506654     -0.373016  1
      0.522487     -0.242716  1
      0.538320     -0.117016  1
      0.554153      0.000284  1
      0.569986     -0.112316  1
      0.585819     -0.219416  1
      0.601652     -0.320016  1
      0.617484     -0.414016  1
      0.633317     -0.501516  1
      0.649150     -0.582416  1
      0.664983     -0.656716  1
      0.680816     -0.724316  1
      0.696649     -0.785216  1
      0.712482     -0.839416  1
      0.728315     -0.886916  1
      0.744148     -0.927616  1
      0.759981     -0.961616  1
      0.775814     -0.988816  1
      0.791647     -1.009116  1
      0.807480     -1.022716  1
      0.823313     -1.029616  1
      0.839146     -1.029616  1
      0.854979     -1.022716  1
      0.870811     -1.009116  1
      0.886644     -0.988816  1
      0.902477     -0.961616  1
      0.918310     -0.927616  1
      0.934143     -0.886916  1
      0.949976     -0.839416  1
      0.965809     -0.785216  1
      0.981642     -0.724316  1
      0.997475     -0.656716  1
      1.013308     -0.582416  1
      1.029141     -0.501516  1
      1.044974     -0.414016  1
      1.060807     -0.320016  1
      1.076640     -0.219416  1
      1.092473     -0.112316  1
      1.108306      0.000284  1
      1.124138     -0.119516  1
      1.139971     -0.245016  1
      1.155804     -0.375116  1
      1.171637     -0.508616  1
      1.187470     -0.644416  1
      1.203303     -0.781616  1
      1.219136     -0.919216  1
      1.234969     -1.056316  1
      1.250802     -1.192216  1
      1.266635     -1.326316  1
      1.282468     -1.458016  1
      1.298301     -1.586716  1
      1.314134     -1.712116  1
      1.329967     -1.833616  1
      1.345800     -1.951116  1
      1.361633     -2.064116  1
      1.377465     -2.172416  1
      1.393298     -2.275816  1
      1.409131     -2.374116  1
      1.424964     -2.467116  1
      1.440797     -2.554716  1
      1.456630     -2.636616  1
      1.472463     -2.641716  1
      1.488296     -2.515116  1
      1.504129     -2.395116  1
      1.519962     -2.282716  1
      1.535795     -2.179116  1
      1.551628     -2.085316  1
      1.567461     -2.002116  1
      1.583294     -1.930416  1
      1.599127     -1.870816  1
      1.614960     -1.823916  1
      1.630792     -1.790016  1
      1.646625     -1.769616  1
      1.662458     -1.753216  1


      0.000000     -0.115216  1
      0.015833     -0.061016  1
      0.031666      0.081784  1
      0.047499      0.276184  1
      0.063332      0.493184  1
      0.079165      0.714484  1
      0.094998      0.929284  1
      0.110831      1.131284  1
      0.126663      1.317884  1
      0.142496      1.488884  1
      0.158329      1.645984  1
      0.174162      1.791784  1
      0.189995      1.929184  1
      0.205828      2.060884  1
      0.221661      2.189184  1
      0.237494      2.315884  1
      0.253327      2.442584  1
      0.269160      2.570484  1
      0.284993      2.700484  1
      0.300826      2.628484  1
      0.316659      2.424484  1
      0.332492      2.224984  1
      0.348325      2.030084  1
      0.364158      1.840184  1
      0.379990      1.655484  1
      0.395823      1.475984  1
      0.411656      1.301984  1
      0.427489      1.133684  1
      0.443322      0.970984  1
      0.459155      0.814184  1
      0.474988      0.663384  1
      0.490821      0.518584  1
      0.506654      0.379884  1
      0.522487      0.247384  1
      0.538320      0.121084  1
      0.554153      0.003884  1
      0.569986      0.116184  1
      0.585819      0.221484  1
      0.601652      0.318184  1
      0.617484      0.405484  1
      0.633317      0.483084  1
      0.649150      0.550984  1
      0.664983      0.609484  1
      0.680816      0.658984  1
      0.696649      0.700284  1
      0.712482      0.734184  1
      0.728315      0.761484  1
      0.744148      0.783084  1
      0.759981      0.799684  1
      0.775814      0.812184  1
      0.791647      0.736984  1
      0.807480      0.612484  1
      0.823313      0.548084  1
      0.839146      0.548084  1
      0.854979      0.612484  1
      0.870811      0.736984  1
      0.886644      0.812184  1
      0.902477      0.799684  1
      0.918310      0.783084  1
      0.934143      0.761484  1
      0.949976      0.734184  1
      0.965809      0.700284  1
      0.981642      0.658984  1
      0.997475      0.609484  1
      1.013308      0.550984  1
      1.029141      0.483084  1
      1.044974      0.405484  1
      1.060807      0.318184  1
      1.076640      0.221484  1
      1.092473      0.116184  1
      1.108306      0.003884  1
      1.124138      0.123784  1
      1.139971      0.249984  1
      1.155804      0.382484  1
      1.171637      0.521084  1
      1.187470      0.665884  1
      1.203303      0.816784  1
      1.219136      0.973484  1
      1.234969      1.136184  1
      1.250802      1.304484  1
      1.266635      1.478484  1
      1.282468      1.657884  1
      1.298301      1.842584  1
      1.314134      2.032484  1
      1.329967      2.227184  1
      1.345800      2.426684  1
      1.361633      2.630684  1
      1.377465      2.698784  1
      1.393298      2.568784  1
      1.409131      2.440884  1
      1.424964      2.314184  1
      1.440797      2.187484  1
      1.456630      2.059284  1
      1.472463      1.927584  1
      1.488296      1.790284  1
      1.504129      1.644584  1
      1.519962      1.487684  1
      1.535795      1.316884  1
      1.551628      1.130684  1
      1.567461      0.928884  1
      1.583294      0.714384  1
      1.599127      0.493384  1
      1.614960      0.276484  1
      1.630792      0.081984  1
      1.646625     -0.060916  1
      1.662458     -0.115216  1


      0.000000      3.071584  1
      0.015833      3.074384  1
      0.031666      3.070984  1
      0.047499      3.064984  1
      0.063332      3.057684  1
      0.079165      3.050284  1
      0.094998      3.044384  1
      0.110831      3.041884  1
      0.126663      3.044384  1
      0.142496      3.053184  1
      0.158329      3.069484  1
      0.174162      3.094084  1
      0.189995      3.127584  1
      0.205828      3.170284  1
      0.221661      3.222384  1
      0.237494      3.283984  1
      0.253327      3.263784  1
      0.269160      3.048484  1
      0.284993      2.836584  1
      0.300826      2.833284  1
      0.316659      2.969384  1
      0.332492      3.109284  1
      0.348325      3.253384  1
      0.364158      3.401684  1
      0.379990      3.554484  1
      0.395823      3.711884  1
      0.411656      3.873884  1
      0.427489      4.040484  1
      0.443322      4.211484  1
      0.459155      4.386784  1
      0.474988      4.566184  1
      0.490821      4.749284  1
      0.506654      4.935684  1
      0.522487      4.998084  1
      0.538320      4.968084  1
      0.554153      4.957784  1
      0.569986      4.968284  1
      0.585819      4.915684  1
      0.601652      4.548384  1
      0.617484      4.168884  1
      0.633317      3.786884  1
      0.649150      3.407984  1
      0.664983      3.036084  1
      0.680816      2.674284  1
      0.696649      2.325784  1
      0.712482      1.993484  1
      0.728315      1.681284  1
      0.744148      1.393484  1
      0.759981      1.135484  1
      0.775814      0.914084  1
      0.791647      0.820984  1
      0.807480      0.826684  1
      0.823313      0.829384  1
      0.839146      0.829384  1
      0.854979      0.826684  1
      0.870811      0.820984  1
      0.886644      0.914084  1
      0.902477      1.135484  1
      0.918310      1.393484  1
      0.934143      1.681284  1
      0.949976      1.993484  1
      0.965809      2.325784  1
      0.981642      2.674284  1
      0.997475      3.036084  1
      1.013308      3.407984  1
      1.029141      3.786884  1
      1.044974      4.168884  1
      1.060807      4.548384  1
      1.076640      4.915684  1
      1.092473      4.968284  1
      1.108306      4.957784  1
      1.124138      4.967784  1
      1.139971      4.997484  1
      1.155804      4.934184  1
      1.171637      4.747684  1
      1.187470      4.564584  1
      1.203303      4.385184  1
      1.219136      4.209884  1
      1.234969      4.038884  1
      1.250802      3.872284  1
      1.266635      3.710284  1
      1.282468      3.552884  1
      1.298301      3.400084  1
      1.314134      3.251684  1
      1.329967      3.107684  1
      1.345800      2.967784  1
      1.361633      2.831584  1
      1.377465      2.838784  1
      1.393298      3.050584  1
      1.409131      3.265784  1
      1.424964      3.280584  1
      1.440797      3.218984  1
      1.456630      3.166784  1
      1.472463      3.123984  1
      1.488296      3.090484  1
      1.504129      3.065784  1
      1.519962      3.049384  1
      1.535795      3.040384  1
      1.551628      3.037884  1
      1.567461      3.040184  1
      1.583294      3.045984  1
      1.599127      3.053284  1
      1.614960      3.060484  1
      1.630792      3.066484  1
      1.646625      3.070284  1
      1.662458      3.071584  1


      0.000000      3.077784  1
      0.015833      3.087084  1
      0.031666      3.127284  1
      0.047499      3.196384  1
      0.063332      3.296184  1
      0.079165      3.428984  1
      0.094998      3.596484  1
      0.110831      3.799684  1
      0.126663      4.037784  1
      0.142496      4.308484  1
      0.158329      4.586584  1
      0.174162      4.367584  1
      0.189995      4.146184  1
      0.205828      3.923984  1
      0.221661      3.702284  1
      0.237494      3.481884  1
      0.253327      3.354784  1
      0.269160      3.434784  1
      0.284993      3.523784  1
      0.300826      3.621484  1
      0.316659      3.727484  1
      0.332492      3.841584  1
      0.348325      3.963384  1
      0.364158      4.092584  1
      0.379990      4.228784  1
      0.395823      4.371384  1
      0.411656      4.519984  1
      0.427489      4.673684  1
      0.443322      4.831784  1
      0.459155      4.992784  1
      0.474988      5.154484  1
      0.490821      5.111684  1
      0.506654      5.046384  1
      0.522487      5.124884  1
      0.538320      5.316284  1
      0.554153      5.507484  1
      0.569986      5.250784  1
      0.585819      5.000784  1
      0.601652      5.056284  1
      0.617484      5.135284  1
      0.633317      5.238284  1
      0.649150      5.365284  1
      0.664983      5.515984  1
      0.680816      5.689684  1
      0.696649      5.885584  1
      0.712482      6.102384  1
      0.728315      6.338684  1
      0.744148      6.593284  1
      0.759981      6.864184  1
      0.775814      7.149884  1
      0.791647      7.272484  1
      0.807480      7.278284  1
      0.823313      7.280684  1
      0.839146      7.280684  1
      0.854979      7.278284  1
      0.870811      7.272484  1
      0.886644      7.149884  1
      0.902477      6.864184  1
      0.918310      6.593284  1
      0.934143      6.338684  1
      0.949976      6.102384  1
      0.965809      5.885584  1
      0.981642      5.689684  1
      0.997475      5.515984  1
      1.013308      5.365284  1
      1.029141      5.238284  1
      1.044974      5.135284  1
      1.060807      5.056284  1
      1.076640      5.000784  1
      1.092473      5.250784  1
      1.108306      5.507484  1
      1.124138      5.314784  1
      1.139971      5.123384  1
      1.155804      5.045484  1
      1.171637      5.110484  1
      1.187470      5.151384  1
      1.203303      4.989584  1
      1.219136      4.828684  1
      1.234969      4.670584  1
      1.250802      4.516784  1
      1.266635      4.368284  1
      1.282468      4.225584  1
      1.298301      4.089484  1
      1.314134      3.960284  1
      1.329967      3.838384  1
      1.345800      3.724284  1
      1.361633      3.618184  1
      1.377465      3.520584  1
      1.393298      3.431584  1
      1.409131      3.351484  1
      1.424964      3.483884  1
      1.440797      3.704084  1
      1.456630      3.925784  1
      1.472463      4.147884  1
      1.488296      4.369184  1
      1.504129      4.588084  1
      1.519962      4.315284  1
      1.535795      4.044384  1
      1.551628      3.805984  1
      1.567461      3.602484  1
      1.583294      3.434584  1
      1.599127      3.301484  1
      1.614960      3.201384  1
      1.630792      3.131984  1
      1.646625      3.091184  1
      1.662458      3.077784  1


      0.000000      4.848884  1
      0.015833      4.837784  1
      0.031666      4.808584  1
      0.047499      4.771884  1
      0.063332      4.738884  1
      0.079165      4.717284  1
      0.094998      4.711084  1
      0.110831      4.721084  1
      0.126663      4.746784  1
      0.142496      4.787184  1
      0.158329      4.608284  1
      0.174162      4.907784  1
      0.189995      4.986484  1
      0.205828      5.076584  1
      0.221661      5.177684  1
      0.237494      5.289284  1
      0.253327      5.411084  1
      0.269160      5.542384  1
      0.284993      5.682784  1
      0.300826      5.831384  1
      0.316659      5.987384  1
      0.332492      6.149784  1
      0.348325      6.275284  1
      0.364158      6.108184  1
      0.379990      5.947884  1
      0.395823      5.795484  1
      0.411656      5.652384  1
      0.427489      5.519484  1
      0.443322      5.397884  1
      0.459155      5.288584  1
      0.474988      5.192884  1
      0.490821      5.312984  1
      0.506654      5.460284  1
      0.522487      5.577284  1
      0.538320      5.617284  1
      0.554153      5.509484  1
      0.569986      5.701984  1
      0.585819      5.893884  1
      0.601652      6.083184  1
      0.617484      6.267784  1
      0.633317      6.444884  1
      0.649150      6.611384  1
      0.664983      6.763584  1
      0.680816      6.897384  1
      0.696649      7.009784  1
      0.712482      7.098884  1
      0.728315      7.165384  1
      0.744148      7.211884  1
      0.759981      7.242584  1
      0.775814      7.261484  1
      0.791647      7.448284  1
      0.807480      7.756884  1
      0.823313      8.068884  1
      0.839146      8.068884  1
      0.854979      7.756884  1
      0.870811      7.448284  1
      0.886644      7.261484  1
      0.902477      7.242584  1
      0.918310      7.211884  1
      0.934143      7.165384  1
      0.949976      7.098884  1
      0.965809      7.009784  1
      0.981642      6.897384  1
      0.997475      6.763584  1
      1.013308      6.611384  1
      1.029141      6.444884  1
      1.044974      6.267784  1
      1.060807      6.083184  1
      1.076640      5.893884  1
      1.092473      5.701984  1
      1.108306      5.509484  1
      1.124138      5.616384  1
      1.139971      5.575084  1
      1.155804      5.457484  1
      1.171637      5.309984  1
      1.187470      5.191384  1
      1.203303      5.286884  1
      1.219136      5.395884  1
      1.234969      5.517184  1
      1.250802      5.649784  1
      1.266635      5.792784  1
      1.282468      5.944784  1
      1.298301      6.104884  1
      1.314134      6.271684  1
      1.329967      6.149984  1
      1.345800      5.987584  1
      1.361633      5.831484  1
      1.377465      5.682784  1
      1.393298      5.542484  1
      1.409131      5.411084  1
      1.424964      5.289284  1
      1.440797      5.177684  1
      1.456630      5.076584  1
      1.472463      4.986484  1
      1.488296      4.907784  1
      1.504129      4.615184  1
      1.519962      4.787184  1
      1.535795      4.746784  1
      1.551628      4.721084  1
      1.567461      4.711084  1
      1.583294      4.717384  1
      1.599127      4.738884  1
      1.614960      4.771884  1
      1.630792      4.808584  1
      1.646625      4.837784  1
      1.662458      4.848884  1


      0.000000      5.991284  1
      0.015833      5.972484  1
      0.031666      5.916984  1
      0.047499      5.827284  1
      0.063332      5.706984  1
      0.079165      5.560584  1
      0.094998      5.392684  1
      0.110831      5.207584  1
      0.126663      5.009284  1
      0.142496      4.801284  1
      0.158329      4.841184  1
      0.174162      4.933084  1
      0.189995      5.278584  1
      0.205828      5.640984  1
      0.221661      6.016584  1
      0.237494      6.402084  1
      0.253327      6.794684  1
      0.269160      7.142584  1
      0.284993      6.974284  1
      0.300826      6.799784  1
      0.316659      6.623184  1
      0.332492      6.447484  1
      0.348325      6.317084  1
      0.364158      6.487584  1
      0.379990      6.658684  1
      0.395823      6.826984  1
      0.411656      6.987384  1
      0.427489      7.131784  1
      0.443322      7.247684  1
      0.459155      7.315884  1
      0.474988      7.311784  1
      0.490821      7.216484  1
      0.506654      7.036584  1
      0.522487      6.812084  1
      0.538320      6.616384  1
      0.554153      6.541884  1
      0.569986      6.599884  1
      0.585819      6.727784  1
      0.601652      6.884184  1
      0.617484      7.051184  1
      0.633317      7.220484  1
      0.649150      7.387184  1
      0.664983      7.547984  1
      0.680816      7.700184  1
      0.696649      7.842084  1
      0.712482      7.971884  1
      0.728315      8.088584  1
      0.744148      8.190984  1
      0.759981      8.278284  1
      0.775814      8.349584  1
      0.791647      8.404084  1
      0.807480      8.440884  1
      0.823313      8.412784  1
      0.839146      8.412784  1
      0.854979      8.440884  1
      0.870811      8.404084  1
      0.886644      8.349584  1
      0.902477      8.278284  1
      0.918310      8.190984  1
      0.934143      8.088584  1
      0.949976      7.971884  1
      0.965809      7.842084  1
      0.981642      7.700184  1
      0.997475      7.547984  1
      1.013308      7.387184  1
      1.029141      7.220484  1
      1.044974      7.051184  1
      1.060807      6.884184  1
      1.076640      6.727784  1
      1.092473      6.599884  1
      1.108306      6.541884  1
      1.124138      6.618584  1
      1.139971      6.815384  1
      1.155804      7.040084  1
      1.171637      7.219684  1
      1.187470      7.314384  1
      1.203303      7.317784  1
      1.219136      7.248984  1
      1.234969      7.132684  1
      1.250802      6.988084  1
      1.266635      6.827484  1
      1.282468      6.659084  1
      1.298301      6.487784  1
      1.314134      6.317284  1
      1.329967      6.443684  1
      1.345800      6.619084  1
      1.361633      6.795384  1
      1.377465      6.969584  1
      1.393298      7.137784  1
      1.409131      6.801484  1
      1.424964      6.409084  1
      1.440797      6.023584  1
      1.456630      5.647984  1
      1.472463      5.285584  1
      1.488296      4.940084  1
      1.504129      4.841184  1
      1.519962      4.802684  1
      1.535795      5.010484  1
      1.551628      5.208584  1
      1.567461      5.393484  1
      1.583294      5.561184  1
      1.599127      5.707384  1
      1.614960      5.827484  1
      1.630792      5.917084  1
      1.646625      5.972484  1
      1.662458      5.991284  1


      0.000000      7.696284  1
      0.015833      7.697484  1
      0.031666      7.700984  1
      0.047499      7.706784  1
      0.063332      7.714484  1
      0.079165      7.723584  1
      0.094998      7.733584  1
      0.110831      7.743184  1
      0.126663      7.750984  1
      0.142496      7.754684  1
      0.158329      7.750684  1
      0.174162      7.734384  1
      0.189995      7.699884  1
      0.205828      7.641084  1
      0.221661      7.553984  1
      0.237494      7.438784  1
      0.253327      7.299484  1
      0.269160      7.191284  1
      0.284993      7.589084  1
      0.300826      7.984684  1
      0.316659      8.374584  1
      0.332492      8.754084  1
      0.348325      9.117184  1
      0.364158      9.447384  1
      0.379990      9.562784  1
      0.395823      9.684084  1
      0.411656      9.810284  1
      0.427489      9.940184  1
      0.443322     10.027684  1
      0.459155      9.740484  1
      0.474988      9.522284  1
      0.490821      9.398284  1
      0.506654      9.371084  1
      0.522487      9.420184  1
      0.538320      9.518784  1
      0.554153      9.646284  1
      0.569986      9.512284  1
      0.585819      9.387184  1
      0.601652      9.274084  1
      0.617484      9.175984  1
      0.633317      9.095984  1
      0.649150      9.037484  1
      0.664983      9.004084  1
      0.680816      8.999084  1
      0.696649      9.025084  1
      0.712482      9.082484  1
      0.728315      9.168684  1
      0.744148      9.278184  1
      0.759981      9.402884  1
      0.775814      9.379284  1
      0.791647      9.058684  1
      0.807480      8.733584  1
      0.823313      8.459484  1
      0.839146      8.459484  1
      0.854979      8.733584  1
      0.870811      9.058684  1
      0.886644      9.379284  1
      0.902477      9.402884  1
      0.918310      9.278184  1
      0.934143      9.168684  1
      0.949976      9.082484  1
      0.965809      9.025084  1
      0.981642      8.999084  1
      0.997475      9.004084  1
      1.013308      9.037484  1
      1.029141      9.095984  1
      1.044974      9.175984  1
      1.060807      9.274084  1
      1.076640      9.387184  1
      1.092473      9.512284  1
      1.108306      9.646284  1
      1.124138      9.518484  1
      1.139971      9.419984  1
      1.155804      9.371184  1
      1.171637      9.398784  1
      1.187470      9.523384  1
      1.203303      9.742084  1
      1.219136     10.029584  1
      1.234969      9.942684  1
      1.250802      9.812884  1
      1.266635      9.686784  1
      1.282468      9.565584  1
      1.298301      9.450384  1
      1.314134      9.123084  1
      1.329967      8.760184  1
      1.345800      8.380984  1
      1.361633      7.991184  1
      1.377465      7.595684  1
      1.393298      7.198084  1
      1.409131      7.294584  1
      1.424964      7.433784  1
      1.440797      7.549284  1
      1.456630      7.636884  1
      1.472463      7.696284  1
      1.488296      7.731484  1
      1.504129      7.748384  1
      1.519962      7.752884  1
      1.535795      7.749784  1
      1.551628      7.742284  1
      1.567461      7.732884  1
      1.583294      7.723184  1
      1.599127      7.714184  1
      1.614960      7.706684  1
      1.630792      7.700984  1
      1.646625      7.697484  1
      1.662458      7.696284  1


      0.000000     10.481584  1
      0.015833     10.471184  1
      0.031666     10.429984  1
      0.047499     10.362484  1
      0.063332     10.270884  1
      0.079165     10.157984  1
      0.094998     10.027184  1
      0.110831      9.882484  1
      0.126663      9.728384  1
      0.142496      9.570384  1
      0.158329      9.414684  1
      0.174162      9.268884  1
      0.189995      9.141384  1
      0.205828      9.040484  1
      0.221661      8.972184  1
      0.237494      8.938384  1
      0.253327      8.936284  1
      0.269160      8.961084  1
      0.284993      9.007584  1
      0.300826      9.071584  1
      0.316659      9.149684  1
      0.332492      9.239484  1
      0.348325      9.339284  1
      0.364158      9.455984  1
      0.379990      9.759884  1
      0.395823     10.015784  1
      0.411656     10.209884  1
      0.427489     10.331584  1
      0.443322     10.072584  1
      0.459155     10.206084  1
      0.474988     10.292184  1
      0.490821     10.188584  1
      0.506654     10.063484  1
      0.522487      9.926784  1
      0.538320      9.785984  1
      0.554153      9.646784  1
      0.569986      9.790584  1
      0.585819      9.943084  1
      0.601652     10.099984  1
      0.617484     10.259184  1
      0.633317     10.419884  1
      0.649150     10.459584  1
      0.664983     10.399684  1
      0.680816     10.345284  1
      0.696649     10.296284  1
      0.712482     10.252784  1
      0.728315     10.214684  1
      0.744148      9.983884  1
      0.759981      9.689684  1
      0.775814      9.532284  1
      0.791647      9.653184  1
      0.807480      9.749484  1
      0.823313      9.803984  1
      0.839146      9.803984  1
      0.854979      9.749484  1
      0.870811      9.653184  1
      0.886644      9.532284  1
      0.902477      9.689684  1
      0.918310      9.983884  1
      0.934143     10.214684  1
      0.949976     10.252784  1
      0.965809     10.296284  1
      0.981642     10.345284  1
      0.997475     10.399684  1
      1.013308     10.459584  1
      1.029141     10.419884  1
      1.044974     10.259184  1
      1.060807     10.099984  1
      1.076640      9.943084  1
      1.092473      9.790584  1
      1.108306      9.646784  1
      1.124138      9.786484  1
      1.139971      9.927484  1
      1.155804     10.064384  1
      1.171637     10.189784  1
      1.187470     10.293684  1
      1.203303     10.208384  1
      1.219136     10.074984  1
      1.234969     10.334684  1
      1.250802     10.213784  1
      1.266635     10.020384  1
      1.282468      9.764884  1
      1.298301      9.461484  1
      1.314134      9.342384  1
      1.329967      9.242784  1
      1.345800      9.153084  1
      1.361633      9.075184  1
      1.377465      9.011384  1
      1.393298      8.964884  1
      1.409131      8.940084  1
      1.424964      8.941984  1
      1.440797      8.975384  1
      1.456630      9.042984  1
      1.472463      9.143084  1
      1.488296      9.269784  1
      1.504129      9.414784  1
      1.519962      9.569684  1
      1.535795      9.726984  1
      1.551628      9.880484  1
      1.567461     10.024784  1
      1.583294     10.155184  1
      1.599127     10.267684  1
      1.614960     10.359084  1
      1.630792     10.426384  1
      1.646625     10.467684  1
      1.662458     10.481584  1


      0.000000     10.486684  1
      0.015833     10.490784  1
      0.031666     10.513084  1
      0.047499     10.549184  1
      0.063332     10.596984  1
      0.079165     10.654584  1
      0.094998     10.720084  1
      0.110831     10.792084  1
      0.126663     10.869284  1
      0.142496     10.950784  1
      0.158329     11.035884  1
      0.174162     11.123884  1
      0.189995     11.214084  1
      0.205828     11.305884  1
      0.221661     11.398284  1
      0.237494     11.490084  1
      0.253327     11.579884  1
      0.269160     11.665584  1
      0.284993     11.744984  1
      0.300826     11.814984  1
      0.316659     11.872384  1
      0.332492     11.913384  1
      0.348325     11.793984  1
      0.364158     11.579484  1
      0.379990     11.318084  1
      0.395823     11.017284  1
      0.411656     10.689784  1
      0.427489     10.352884  1
      0.443322     10.378984  1
      0.459155     10.360884  1
      0.474988     10.339184  1
      0.490821     10.469984  1
      0.506654     10.596684  1
      0.522487     10.716984  1
      0.538320     10.828384  1
      0.554153     10.927584  1
      0.569986     10.838584  1
      0.585819     10.752584  1
      0.601652     10.671484  1
      0.617484     10.595584  1
      0.633317     10.524884  1
      0.649150     10.581884  1
      0.664983     10.745284  1
      0.680816     10.871484  1
      0.696649     10.704084  1
      0.712482     10.497284  1
      0.728315     10.255384  1
      0.744148     10.182284  1
      0.759981     10.155184  1
      0.775814     10.133484  1
      0.791647     10.117284  1
      0.807480     10.106384  1
      0.823313     10.100984  1
      0.839146     10.100984  1
      0.854979     10.106384  1
      0.870811     10.117284  1
      0.886644     10.133484  1
      0.902477     10.155184  1
      0.918310     10.182284  1
      0.934143     10.255384  1
      0.949976     10.497284  1
      0.965809     10.704084  1
      0.981642     10.871484  1
      0.997475     10.745284  1
      1.013308     10.581884  1
      1.029141     10.524884  1
      1.044974     10.595584  1
      1.060807     10.671484  1
      1.076640     10.752584  1
      1.092473     10.838584  1
      1.108306     10.927584  1
      1.124138     10.830184  1
      1.139971     10.718884  1
      1.155804     10.598584  1
      1.171637     10.472084  1
      1.187470     10.341284  1
      1.203303     10.362784  1
      1.219136     10.381484  1
      1.234969     10.354884  1
      1.250802     10.691684  1
      1.266635     11.018884  1
      1.282468     11.319484  1
      1.298301     11.580484  1
      1.314134     11.794684  1
      1.329967     11.910584  1
      1.345800     11.869584  1
      1.361633     11.812484  1
      1.377465     11.742584  1
      1.393298     11.663484  1
      1.409131     11.577984  1
      1.424964     11.488484  1
      1.440797     11.396984  1
      1.456630     11.304884  1
      1.472463     11.213384  1
      1.488296     11.123484  1
      1.504129     11.035884  1
      1.519962     10.951284  1
      1.535795     10.870184  1
      1.551628     10.793484  1
      1.567461     10.721984  1
      1.583294     10.656884  1
      1.599127     10.599784  1
      1.614960     10.552384  1
      1.630792     10.516584  1
      1.646625     10.494284  1
      1.662458     10.486684  1


      0.000000     14.944984  1
      0.015833     14.952784  1
      0.031666     14.972884  1
      0.047499     13.770584  1
      0.063332     12.888084  1
      0.079165     12.317184  1
      0.094998     11.978484  1
      0.110831     11.802584  1
      0.126663     11.737384  1
      0.142496     11.745484  1
      0.158329     11.799384  1
      0.174162     11.878484  1
      0.189995     11.966684  1
      0.205828     12.052284  1
      0.221661     12.126284  1
      0.237494     12.182684  1
      0.253327     12.217384  1
      0.269160     12.227584  1
      0.284993     12.210684  1
      0.300826     12.163384  1
      0.316659     12.081684  1
      0.332492     11.960284  1
      0.348325     11.934884  1
      0.364158     11.934284  1
      0.379990     11.910884  1
      0.395823     11.865684  1
      0.411656     11.801484  1
      0.427489     11.721984  1
      0.443322     11.631384  1
      0.459155     11.533484  1
      0.474988     11.431384  1
      0.490821     11.327684  1
      0.506654     11.224284  1
      0.522487     11.122784  1
      0.538320     11.024184  1
      0.554153     10.929884  1
      0.569986     11.013084  1
      0.585819     11.079684  1
      0.601652     11.124184  1
      0.617484     11.142484  1
      0.633317     11.130184  1
      0.649150     11.083184  1
      0.664983     10.997784  1
      0.680816     10.909984  1
      0.696649     11.075484  1
      0.712482     11.240184  1
      0.728315     11.402084  1
      0.744148     11.557984  1
      0.759981     11.703584  1
      0.775814     11.833784  1
      0.791647     11.797084  1
      0.807480     11.677384  1
      0.823313     11.611684  1
      0.839146     11.611684  1
      0.854979     11.677384  1
      0.870811     11.797084  1
      0.886644     11.833784  1
      0.902477     11.703584  1
      0.918310     11.557984  1
      0.934143     11.402084  1
      0.949976     11.240184  1
      0.965809     11.075484  1
      0.981642     10.909984  1
      0.997475     10.997784  1
      1.013308     11.083184  1
      1.029141     11.130184  1
      1.044974     11.142484  1
      1.060807     11.124184  1
      1.076640     11.079684  1
      1.092473     11.013084  1
      1.108306     10.929884  1
      1.124138     11.022484  1
      1.139971     11.120984  1
      1.155804     11.222384  1
      1.171637     11.325584  1
      1.187470     11.429184  1
      1.203303     11.531084  1
      1.219136     11.628884  1
      1.234969     11.719384  1
      1.250802     11.798684  1
      1.266635     11.862784  1
      1.282468     11.907984  1
      1.298301     11.931384  1
      1.314134     11.931984  1
      1.329967     11.960684  1
      1.345800     12.081884  1
      1.361633     12.163484  1
      1.377465     12.210584  1
      1.393298     12.227484  1
      1.409131     12.217284  1
      1.424964     12.182484  1
      1.440797     12.126084  1
      1.456630     12.052084  1
      1.472463     11.966484  1
      1.488296     11.878284  1
      1.504129     11.799284  1
      1.519962     11.745384  1
      1.535795     11.737384  1
      1.551628     11.802684  1
      1.567461     11.978684  1
      1.583294     12.317484  1
      1.599127     12.888484  1
      1.614960     13.771084  1
      1.630792     14.971684  1
      1.646625     14.951684  1
      1.662458     14.944984  1


      0.000000     14.946584  1
      0.015833     14.971784  1
      0.253327     14.798984  1
      0.269160     14.595984  1
      0.284993     14.395984  1
      0.300826     14.199584  1
      0.316659     14.008484  1
      0.332492     13.825484  1
      0.348325     13.654884  1
      0.364158     13.503284  1
      0.379990     13.379584  1
      0.395823     13.295284  1
      0.411656     13.262084  1
      0.427489     13.287784  1
      0.443322     13.370584  1
      0.459155     13.496984  1
      0.474988     13.611584  1
      0.490821     13.569084  1
      0.506654     13.537684  1
      0.522487     13.516084  1
      0.538320     13.503484  1
      0.554153     13.499284  1
      0.569986     13.503584  1
      0.585819     13.516584  1
      0.601652     13.538684  1
      0.617484     13.570384  1
      0.633317     13.612484  1
      0.649150     13.518984  1
      0.664983     13.339684  1
      0.680816     13.148784  1
      0.696649     12.949284  1
      0.712482     12.744684  1
      0.728315     12.538284  1
      0.744148     12.334084  1
      0.759981     12.137284  1
      0.775814     11.954984  1
      0.791647     11.942384  1
      0.807480     12.021484  1
      0.823313     12.063684  1
      0.839146     12.063684  1
      0.854979     12.021484  1
      0.870811     11.942384  1
      0.886644     11.954984  1
      0.902477     12.137284  1
      0.918310     12.334084  1
      0.934143     12.538284  1
      0.949976     12.744684  1
      0.965809     12.949284  1
      0.981642     13.148784  1
      0.997475     13.339684  1
      1.013308     13.518984  1
      1.029141     13.612484  1
      1.044974     13.570384  1
      1.060807     13.538684  1
      1.076640     13.516584  1
      1.092473     13.503584  1
      1.108306     13.499284  1
      1.124138     13.503684  1
      1.139971     13.516484  1
      1.155804     13.538284  1
      1.171637     13.569884  1
      1.187470     13.612684  1
      1.203303     13.500384  1
      1.219136     13.373984  1
      1.234969     13.290984  1
      1.250802     13.264784  1
      1.266635     13.297584  1
      1.282468     13.381584  1
      1.298301     13.504984  1
      1.314134     13.656484  1
      1.329967     13.826884  1
      1.345800     14.009784  1
      1.361633     14.200684  1
      1.377465     14.396984  1
      1.393298     14.596884  1
      1.409131     14.799784  1
      1.646625     14.972984  1
      1.662458     14.946584  1


      0.348325     14.838884  1
      0.364158     14.548684  1
      0.379990     14.305584  1
      0.395823     14.109084  1
      0.411656     13.954184  1
      0.427489     13.833484  1
      0.443322     13.739884  1
      0.459155     13.667384  1
      0.474988     13.646484  1
      0.490821     13.797484  1
      0.506654     13.931484  1
      0.522487     14.034584  1
      0.538320     14.098684  1
      0.554153     14.120284  1
      0.569986     14.099984  1
      0.585819     14.041184  1
      0.601652     13.948784  1
      0.617484     13.827684  1
      0.633317     13.682884  1
      0.649150     13.665984  1
      0.664983     13.731684  1
      0.680816     13.810684  1
      0.696649     13.903884  1
      0.712482     14.011884  1
      0.728315     14.014684  1
      0.744148     13.891084  1
      0.759981     13.792184  1
      0.775814     13.715784  1
      0.791647     13.659984  1
      0.807480     13.623484  1
      0.823313     13.605484  1
      0.839146     13.605484  1
      0.854979     13.623484  1
      0.870811     13.659984  1
      0.886644     13.715784  1
      0.902477     13.792184  1
      0.918310     13.891084  1
      0.934143     14.014684  1
      0.949976     14.011884  1
      0.965809     13.903884  1
      0.981642     13.810684  1
      0.997475     13.731684  1
      1.013308     13.665984  1
      1.029141     13.682884  1
      1.044974     13.827684  1
      1.060807     13.948784  1
      1.076640     14.041184  1
      1.092473     14.099984  1
      1.108306     14.120284  1
      1.124138     14.099484  1
      1.139971     14.036184  1
      1.155804     13.933684  1
      1.171637     13.800384  1
      1.187470     13.649684  1
      1.203303     13.668784  1
      1.219136     13.741584  1
      1.234969     13.835584  1
      1.250802     13.956784  1
      1.266635     14.112284  1
      1.282468     14.309284  1
      1.298301     14.553084  1
      1.314134     14.843784  1


      0.664983     14.780384  1
      0.680816     14.549084  1
      0.696649     14.343184  1
      0.712482     14.164884  1
      0.728315     14.133984  1
      0.744148     14.267484  1
      0.759981     14.405284  1
      0.775814     14.530184  1
      0.791647     14.592484  1
      0.807480     14.545284  1
      0.823313     14.489384  1
      0.839146     14.489384  1
      0.854979     14.545284  1
      0.870811     14.592484  1
      0.886644     14.530184  1
      0.902477     14.405284  1
      0.918310     14.267484  1
      0.934143     14.133984  1
      0.949976     14.164884  1
      0.965809     14.343184  1
      0.981642     14.549084  1
      0.997475     14.780384  1


      0.791647     14.922884  1
      0.807480     14.917784  1
      0.823313     14.950484  1
      0.839146     14.950484  1
      0.854979     14.917784  1
      0.870811     14.922884  1


      0.000000    -12.199316  2
      0.015833    -12.196716  2
      0.031666    -12.188616  2
      0.047499    -12.174816  2
      0.063332    -12.154816  2
      0.079165    -12.128716  2
      0.094998    -12.096416  2
      0.110831    -12.057816  2
      0.126663    -12.013116  2
      0.142496    -11.962316  2
      0.158329    -11.905516  2
      0.174162    -11.842716  2
      0.189995    -11.774016  2
      0.205828    -11.699516  2
      0.221661    -11.619316  2
      0.237494    -11.533516  2
      0.253327    -11.442216  2
      0.269160    -11.345716  2
      0.284993    -11.244016  2
      0.300826    -11.137416  2
      0.316659    -11.026016  2
      0.332492    -10.910016  2
      0.348325    -10.789816  2
      0.364158    -10.665616  2
      0.379990    -10.537816  2
      0.395823    -10.406716  2
      0.411656    -10.272916  2
      0.427489    -10.136916  2
      0.443322     -9.999316  2
      0.459155     -9.860816  2
      0.474988     -9.722516  2
      0.490821     -9.585116  2
      0.506654     -9.449816  2
      0.522487     -9.317916  2
      0.538320     -9.190616  2
      0.554153     -9.075716  2
      0.569986     -9.188016  2
      0.585819     -9.295516  2
      0.601652     -9.396216  2
      0.617484     -9.490216  2
      0.633317     -9.577416  2
      0.649150     -9.657816  2
      0.664983     -9.731516  2
      0.680816     -9.798416  2
      0.696649     -9.858616  2
      0.712482     -9.912116  2
      0.728315     -9.958916  2
      0.744148     -9.998916  2
      0.759981    -10.032316  2
      0.775814    -10.059016  2
      0.791647    -10.079016  2
      0.807480    -10.092316  2
      0.823313    -10.098916  2
      0.839146    -10.098916  2
      0.854979    -10.092316  2
      0.870811    -10.079016  2
      0.886644    -10.059016  2
      0.902477    -10.032316  2
      0.918310     -9.998916  2
      0.934143     -9.958916  2
      0.949976     -9.912116  2
      0.965809     -9.858616  2
      0.981642     -9.798416  2
      0.997475     -9.731516  2
      1.013308     -9.657816  2
      1.029141     -9.577416  2
      1.044974     -9.490216  2
      1.060807     -9.396216  2
      1.076640     -9.295516  2
      1.092473     -9.188016  2
      1.108306     -9.075716  2
      1.124138     -9.196516  2
      1.139971     -9.323316  2
      1.155804     -9.454716  2
      1.171637     -9.589516  2
      1.187470     -9.726416  2
      1.203303     -9.864416  2
      1.219136    -10.002416  2
      1.234969    -10.139716  2
      1.250802    -10.275416  2
      1.266635    -10.409016  2
      1.282468    -10.539816  2
      1.298301    -10.667416  2
      1.314134    -10.791416  2
      1.329967    -10.911416  2
      1.345800    -11.027216  2
      1.361633    -11.138516  2
      1.377465    -11.245016  2
      1.393298    -11.346516  2
      1.409131    -11.443016  2
      1.424964    -11.534116  2
      1.440797    -11.619816  2
      1.456630    -11.699916  2
      1.472463    -11.774416  2
      1.488296    -11.843016  2
      1.504129    -11.905816  2
      1.519962    -11.962516  2
      1.535795    -12.013316  2
      1.551628    -12.057916  2
      1.567461    -12.096516  2
      1.583294    -12.128816  2
      1.599127    -12.154916  2
      1.614960    -12.174816  2
      1.630792    -12.188616  2
      1.646625    -12.196716  2
      1.662458    -12.199316  2


      0.000000     -3.158116  2
      0.015833     -3.155016  2
      0.031666     -3.145616  2
      0.047499     -3.130016  2
      0.063332     -3.108216  2
      0.079165     -3.080116  2
      0.094998     -3.045916  2
      0.110831     -3.245416  2
      0.126663     -3.523116  2
      0.142496     -3.799616  2
      0.158329     -4.073616  2
      0.174162     -4.344016  2
      0.189995     -4.610416  2
      0.205828     -4.872016  2
      0.221661     -5.128616  2
      0.237494     -5.379816  2
      0.253327     -5.625416  2
      0.269160     -5.865116  2
      0.284993     -6.098816  2
      0.300826     -6.326416  2
      0.316659     -6.547716  2
      0.332492     -6.762616  2
      0.348325     -6.971116  2
      0.364158     -7.173016  2
      0.379990     -7.368416  2
      0.395823     -7.557116  2
      0.411656     -7.739116  2
      0.427489     -7.914516  2
      0.443322     -8.083116  2
      0.459155     -8.244916  2
      0.474988     -8.400016  2
      0.490821     -8.548316  2
      0.506654     -8.689816  2
      0.522487     -8.824516  2
      0.538320     -8.952416  2
      0.554153     -9.067116  2
      0.569986     -8.955116  2
      0.585819     -8.849616  2
      0.601652     -8.753516  2
      0.617484     -8.667716  2
      0.633317     -8.592516  2
      0.649150     -8.527816  2
      0.664983     -8.473216  2
      0.680816     -8.428216  2
      0.696649     -8.391616  2
      0.712482     -8.362516  2
      0.728315     -8.339716  2
      0.744148     -8.322316  2
      0.759981     -8.309316  2
      0.775814     -8.299816  2
      0.791647     -8.293316  2
      0.807480     -8.289316  2
      0.823313     -8.287316  2
      0.839146     -8.287316  2
      0.854979     -8.289316  2
      0.870811     -8.293316  2
      0.886644     -8.299816  2
      0.902477     -8.309316  2
      0.918310     -8.322316  2
      0.934143     -8.339716  2
      0.949976     -8.362516  2
      0.965809     -8.391616  2
      0.981642     -8.428216  2
      0.997475     -8.473216  2
      1.013308     -8.527816  2
      1.029141     -8.592516  2
      1.044974     -8.667716  2
      1.060807     -8.753516  2
      1.076640     -8.849616  2
      1.092473     -8.955116  2
      1.108306     -9.067116  2
      1.124138     -8.945916  2
      1.139971     -8.818016  2
      1.155804     -8.683316  2
      1.171637     -8.541816  2
      1.187470     -8.393516  2
      1.203303     -8.238516  2
      1.219136     -8.076616  2
      1.234969     -7.908016  2
      1.250802     -7.732716  2
      1.266635     -7.550716  2
      1.282468     -7.362016  2
      1.298301     -7.166616  2
      1.314134     -6.964716  2
      1.329967     -6.756216  2
      1.345800     -6.541316  2
      1.361633     -6.320116  2
      1.377465     -6.092516  2
      1.393298     -5.858816  2
      1.409131     -5.619116  2
      1.424964     -5.373516  2
      1.440797     -5.122416  2
      1.456630     -4.865816  2
      1.472463     -4.604216  2
      1.488296     -4.337916  2
      1.504129     -4.067416  2
      1.519962     -3.793516  2
      1.535795     -3.517016  2
      1.551628     -3.239316  2
      1.567461     -3.045916  2
      1.583294     -3.080116  2
      1.599127     -3.108216  2
      1.614960     -3.130016  2
      1.630792     -3.145616  2
      1.646625     -3.155016  2
      1.662458     -3.158116  2


      0.000000     -1.762716  2
      0.015833     -1.818116  2
      0.031666     -1.971116  2
      0.047499     -2.184416  2
      0.063332     -2.431116  2
      0.079165     -2.695316  2
      0.094998     -2.968516  2
      0.110831     -3.005516  2
      0.126663     -2.959016  2
      0.142496     -2.906416  2
      0.158329     -2.847816  2
      0.174162     -2.783216  2
      0.189995     -2.712716  2
      0.205828     -2.767216  2
      0.221661     -2.903616  2
      0.237494     -3.043016  2
      0.253327     -3.184616  2
      0.269160     -3.327116  2
      0.284993     -3.469616  2
      0.300826     -3.611316  2
      0.316659     -3.751116  2
      0.332492     -3.888316  2
      0.348325     -4.022016  2
      0.364158     -4.151516  2
      0.379990     -4.276016  2
      0.395823     -4.394716  2
      0.411656     -4.506716  2
      0.427489     -4.611416  2
      0.443322     -4.707716  2
      0.459155     -4.794816  2
      0.474988     -4.871716  2
      0.490821     -4.937316  2
      0.506654     -4.990516  2
      0.522487     -5.030116  2
      0.538320     -5.054816  2
      0.554153     -5.063416  2
      0.569986     -5.054816  2
      0.585819     -5.028016  2
      0.601652     -4.982416  2
      0.617484     -4.917716  2
      0.633317     -4.834216  2
      0.649150     -4.732716  2
      0.664983     -4.614616  2
      0.680816     -4.482016  2
      0.696649     -4.337516  2
      0.712482     -4.184616  2
      0.728315     -4.027416  2
      0.744148     -3.870816  2
      0.759981     -3.721016  2
      0.775814     -3.585316  2
      0.791647     -3.471916  2
      0.807480     -3.389716  2
      0.823313     -3.346316  2
      0.839146     -3.346316  2
      0.854979     -3.389716  2
      0.870811     -3.471916  2
      0.886644     -3.585316  2
      0.902477     -3.721016  2
      0.918310     -3.870816  2
      0.934143     -4.027416  2
      0.949976     -4.184616  2
      0.965809     -4.337516  2
      0.981642     -4.482016  2
      0.997475     -4.614616  2
      1.013308     -4.732716  2
      1.029141     -4.834216  2
      1.044974     -4.917716  2
      1.060807     -4.982416  2
      1.076640     -5.028016  2
      1.092473     -5.054816  2
      1.108306     -5.063416  2
      1.124138     -5.055316  2
      1.139971     -5.031216  2
      1.155804     -4.992116  2
      1.171637     -4.939416  2
      1.187470     -4.874316  2
      1.203303     -4.797816  2
      1.219136     -4.711016  2
      1.234969     -4.615116  2
      1.250802     -4.510716  2
      1.266635     -4.399016  2
      1.282468     -4.280616  2
      1.298301     -4.156316  2
      1.314134     -4.027116  2
      1.329967     -3.893516  2
      1.345800     -3.756616  2
      1.361633     -3.616916  2
      1.377465     -3.475416  2
      1.393298     -3.333016  2
      1.409131     -3.190716  2
      1.424964     -3.049316  2
      1.440797     -2.909916  2
      1.456630     -2.773716  2
      1.472463     -2.712916  2
      1.488296     -2.783316  2
      1.504129     -2.847916  2
      1.519962     -2.906516  2
      1.535795     -2.959116  2
      1.551628     -3.005616  2
      1.567461     -2.962316  2
      1.583294     -2.689116  2
      1.599127     -2.424716  2
      1.614960     -2.177916  2
      1.630792     -1.964316  2
      1.646625     -1.810816  2
      1.662458     -1.762716  2


      0.000000     -1.753216  2
      0.015833     -1.762116  2
      0.031666     -1.782816  2
      0.047499     -1.816816  2
      0.063332     -1.863716  2
      0.079165     -1.923416  2
      0.094998     -1.995116  2
      0.110831     -2.078316  2
      0.126663     -2.172216  2
      0.142496     -2.275916  2
      0.158329     -2.388316  2
      0.174162     -2.508416  2
      0.189995     -2.635116  2
      0.205828     -2.636416  2
      0.221661     -2.554416  2
      0.237494     -2.466816  2
      0.253327     -2.373816  2
      0.269160     -2.275416  2
      0.284993     -2.171916  2
      0.300826     -2.063516  2
      0.316659     -1.950516  2
      0.332492     -1.832916  2
      0.348325     -1.711316  2
      0.364158     -1.585916  2
      0.379990     -1.457016  2
      0.395823     -1.325316  2
      0.411656     -1.191116  2
      0.427489     -1.055016  2
      0.443322     -0.917716  2
      0.459155     -0.780016  2
      0.474988     -0.642716  2
      0.490821     -0.506716  2
      0.506654     -0.373016  2
      0.522487     -0.242716  2
      0.538320     -0.117016  2
      0.554153      0.000384  2
      0.569986     -0.112316  2
      0.585819     -0.219416  2
      0.601652     -0.319916  2
      0.617484     -0.414016  2
      0.633317     -0.501516  2
      0.649150     -0.582416  2
      0.664983     -0.656716  2
      0.680816     -0.724316  2
      0.696649     -0.785216  2
      0.712482     -0.839416  2
      0.728315     -0.886916  2
      0.744148     -0.927616  2
      0.759981     -0.961616  2
      0.775814     -0.988716  2
      0.791647     -1.009116  2
      0.807480     -1.022716  2
      0.823313     -1.029516  2
      0.839146     -1.029516  2
      0.854979     -1.022716  2
      0.870811     -1.009116  2
      0.886644     -0.988716  2
      0.902477     -0.961616  2
      0.918310     -0.927616  2
      0.934143     -0.886916  2
      0.949976     -0.839416  2
      0.965809     -0.785216  2
      0.981642     -0.724316  2
      0.997475     -0.656716  2
      1.013308     -0.582416  2
      1.029141     -0.501516  2
      1.044974     -0.414016  2
      1.060807     -0.319916  2
      1.076640     -0.219416  2
      1.092473     -0.112316  2
      1.108306      0.000384  2
      1.124138     -0.119516  2
      1.139971     -0.245016  2
      1.155804     -0.375116  2
      1.171637     -0.508616  2
      1.187470     -0.644416  2
      1.203303     -0.781616  2
      1.219136     -0.919216  2
      1.234969     -1.056316  2
      1.250802     -1.192216  2
      1.266635     -1.326316  2
      1.282468     -1.458016  2
      1.298301     -1.586716  2
      1.314134     -1.712116  2
      1.329967     -1.833616  2
      1.345800     -1.951116  2
      1.361633     -2.064116  2
      1.377465     -2.172416  2
      1.393298     -2.275816  2
      1.409131     -2.374116  2
      1.424964     -2.467116  2
      1.440797     -2.554716  2
      1.456630     -2.636616  2
      1.472463     -2.641716  2
      1.488296     -2.515116  2
      1.504129     -2.395116  2
      1.519962     -2.282716  2
      1.535795     -2.179116  2
      1.551628     -2.085316  2
      1.567461     -2.002116  2
      1.583294     -1.930416  2
      1.599127     -1.870816  2
      1.614960     -1.823916  2
      1.630792     -1.790016  2
      1.646625     -1.769616  2
      1.662458     -1.753216  2


      0.000000     -0.115216  2
      0.015833     -0.061016  2
      0.031666      0.081784  2
      0.047499      0.276184  2
      0.063332      0.493184  2
      0.079165      0.714484  2
      0.094998      0.929284  2
      0.110831      1.131284  2
      0.126663      1.317884  2
      0.142496      1.488884  2
      0.158329      1.645984  2
      0.174162      1.791784  2
      0.189995      1.929184  2
      0.205828      2.060884  2
      0.221661      2.189184  2
      0.237494      2.315884  2
      0.253327      2.442584  2
      0.269160      2.570484  2
      0.284993      2.700484  2
      0.300826      2.628484  2
      0.316659      2.424484  2
      0.332492      2.224984  2
      0.348325      2.030084  2
      0.364158      1.840284  2
      0.379990      1.655484  2
      0.395823      1.475984  2
      0.411656      1.302084  2
      0.427489      1.133684  2
      0.443322      0.970984  2
      0.459155      0.814184  2
      0.474988      0.663384  2
      0.490821      0.518584  2
      0.506654      0.379884  2
      0.522487      0.247384  2
      0.538320      0.121184  2
      0.554153      0.003884  2
      0.569986      0.116184  2
      0.585819      0.221484  2
      0.601652      0.318184  2
      0.617484      0.405484  2
      0.633317      0.483084  2
      0.649150      0.550984  2
      0.664983      0.609484  2
      0.680816      0.659084  2
      0.696649      0.700284  2
      0.712482      0.734184  2
      0.728315      0.761484  2
      0.744148      0.783084  2
      0.759981      0.799784  2
      0.775814      0.812184  2
      0.791647      0.736984  2
      0.807480      0.612484  2
      0.823313      0.548084  2
      0.839146      0.548084  2
      0.854979      0.612484  2
      0.870811      0.736984  2
      0.886644      0.812184  2
      0.902477      0.799784  2
      0.918310      0.783084  2
      0.934143      0.761484  2
      0.949976      0.734184  2
      0.965809      0.700284  2
      0.981642      0.659084  2
      0.997475      0.609484  2
      1.013308      0.550984  2
      1.029141      0.483084  2
      1.044974      0.405484  2
      1.060807      0.318184  2
      1.076640      0.221484  2
      1.092473      0.116184  2
      1.108306      0.003884  2
      1.124138      0.123784  2
      1.139971      0.249984  2
      1.155804      0.382484  2
      1.171637      0.521184  2
      1.187470      0.665884  2
      1.203303      0.816784  2
      1.219136      0.973484  2
      1.234969      1.136184  2
      1.250802      1.304484  2
      1.266635      1.478484  2
      1.282468      1.657884  2
      1.298301      1.842584  2
      1.314134      2.032484  2
      1.329967      2.227284  2
      1.345800      2.426784  2
      1.361633      2.630684  2
      1.377465      2.698784  2
      1.393298      2.568784  2
      1.409131      2.440884  2
      1.424964      2.314184  2
      1.440797      2.187484  2
      1.456630      2.059284  2
      1.472463      1.927584  2
      1.488296      1.790284  2
      1.504129      1.644584  2
      1.519962      1.487684  2
      1.535795      1.316884  2
      1.551628      1.130684  2
      1.567461      0.928884  2
      1.583294      0.714384  2
      1.599127      0.493384  2
      1.614960      0.276484  2
      1.630792      0.081984  2
      1.646625     -0.060916  2
      1.662458     -0.115216  2


      0.000000      3.071584  2
      0.015833      3.074384  2
      0.031666      3.070984  2
      0.047499      3.064984  2
      0.063332      3.057684  2
      0.079165      3.050284  2
      0.094998      3.044484  2
      0.110831      3.041984  2
      0.126663      3.044384  2
      0.142496      3.053184  2
      0.158329      3.069484  2
      0.174162      3.094084  2
      0.189995      3.127584  2
      0.205828      3.170284  2
      0.221661      3.222384  2
      0.237494      3.283984  2
      0.253327      3.263784  2
      0.269160      3.048484  2
      0.284993      2.836584  2
      0.300826      2.833284  2
      0.316659      2.969384  2
      0.332492      3.109284  2
      0.348325      3.253384  2
      0.364158      3.401684  2
      0.379990      3.554484  2
      0.395823      3.711884  2
      0.411656      3.873884  2
      0.427489      4.040484  2
      0.443322      4.211484  2
      0.459155      4.386784  2
      0.474988      4.566184  2
      0.490821      4.749284  2
      0.506654      4.935684  2
      0.522487      4.998084  2
      0.538320      4.968084  2
      0.554153      4.957784  2
      0.569986      4.968284  2
      0.585819      4.915684  2
      0.601652      4.548384  2
      0.617484      4.168884  2
      0.633317      3.786884  2
      0.649150      3.407984  2
      0.664983      3.036084  2
      0.680816      2.674284  2
      0.696649      2.325684  2
      0.712482      1.993484  2
      0.728315      1.681284  2
      0.744148      1.393484  2
      0.759981      1.135484  2
      0.775814      0.914084  2
      0.791647      0.821084  2
      0.807480      0.826684  2
      0.823313      0.829384  2
      0.839146      0.829384  2
      0.854979      0.826684  2
      0.870811      0.821084  2
      0.886644      0.914084  2
      0.902477      1.135484  2
      0.918310      1.393484  2
      0.934143      1.681284  2
      0.949976      1.993484  2
      0.965809      2.325784  2
      0.981642      2.674284  2
      0.997475      3.036084  2
      1.013308      3.407984  2
      1.029141      3.786884  2
      1.044974      4.168884  2
      1.060807      4.548384  2
      1.076640      4.915684  2
      1.092473      4.968284  2
      1.108306      4.957784  2
      1.124138      4.967784  2
      1.139971      4.997484  2
      1.155804      4.934184  2
      1.171637      4.747684  2
      1.187470      4.564584  2
      1.203303      4.385184  2
      1.219136      4.209884  2
      1.234969      4.038884  2
      1.250802      3.872284  2
      1.266635      3.710284  2
      1.282468      3.552884  2
      1.298301      3.400084  2
      1.314134      3.251684  2
      1.329967      3.107684  2
      1.345800      2.967784  2
      1.361633      2.831584  2
      1.377465      2.838784  2
      1.393298      3.050584  2
      1.409131      3.265784  2
      1.424964      3.280584  2
      1.440797      3.218984  2
      1.456630      3.166784  2
      1.472463      3.123984  2
      1.488296      3.090384  2
      1.504129      3.065684  2
      1.519962      3.049284  2
      1.535795      3.040384  2
      1.551628      3.037884  2
      1.567461      3.040184  2
      1.583294      3.045884  2
      1.599127      3.053184  2
      1.614960      3.060484  2
      1.630792      3.066484  2
      1.646625      3.070284  2
      1.662458      3.071584  2


      0.000000      3.077784  2
      0.015833      3.087084  2
      0.031666      3.127284  2
      0.047499      3.196384  2
      0.063332      3.296184  2
      0.079165      3.428984  2
      0.094998      3.596484  2
      0.110831      3.799684  2
      0.126663      4.037784  2
      0.142496      4.308484  2
      0.158329      4.586684  2
      0.174162      4.367584  2
      0.189995      4.146184  2
      0.205828      3.923984  2
      0.221661      3.702284  2
      0.237494      3.481884  2
      0.253327      3.354784  2
      0.269160      3.434884  2
      0.284993      3.523784  2
      0.300826      3.621484  2
      0.316659      3.727484  2
      0.332492      3.841584  2
      0.348325      3.963384  2
      0.364158      4.092584  2
      0.379990      4.228784  2
      0.395823      4.371384  2
      0.411656      4.519984  2
      0.427489      4.673784  2
      0.443322      4.831784  2
      0.459155      4.992784  2
      0.474988      5.154484  2
      0.490821      5.111684  2
      0.506654      5.046384  2
      0.522487      5.124884  2
      0.538320      5.316284  2
      0.554153      5.507484  2
      0.569986      5.250784  2
      0.585819      5.000784  2
      0.601652      5.056284  2
      0.617484      5.135284  2
      0.633317      5.238284  2
      0.649150      5.365284  2
      0.664983      5.515984  2
      0.680816      5.689684  2
      0.696649      5.885584  2
      0.712482      6.102384  2
      0.728315      6.338684  2
      0.744148      6.593284  2
      0.759981      6.864184  2
      0.775814      7.149984  2
      0.791647      7.272484  2
      0.807480      7.278284  2
      0.823313      7.280684  2
      0.839146      7.280684  2
      0.854979      7.278284  2
      0.870811      7.272484  2
      0.886644      7.149884  2
      0.902477      6.864184  2
      0.918310      6.593284  2
      0.934143      6.338684  2
      0.949976      6.102384  2
      0.965809      5.885584  2
      0.981642      5.689684  2
      0.997475      5.515984  2
      1.013308      5.365284  2
      1.029141      5.238284  2
      1.044974      5.135284  2
      1.060807      5.056284  2
      1.076640      5.000784  2
      1.092473      5.250784  2
      1.108306      5.507484  2
      1.124138      5.314784  2
      1.139971      5.123384  2
      1.155804      5.045484  2
      1.171637      5.110484  2
      1.187470      5.151384  2
      1.203303      4.989584  2
      1.219136      4.828684  2
      1.234969      4.670584  2
      1.250802      4.516784  2
      1.266635      4.368284  2
      1.282468      4.225584  2
      1.298301      4.089484  2
      1.314134      3.960284  2
      1.329967      3.838384  2
      1.345800      3.724284  2
      1.361633      3.618184  2
      1.377465      3.520584  2
      1.393298      3.431584  2
      1.409131      3.351484  2
      1.424964      3.483884  2
      1.440797      3.704184  2
      1.456630      3.925784  2
      1.472463      4.147884  2
      1.488296      4.369184  2
      1.504129      4.588084  2
      1.519962      4.315284  2
      1.535795      4.044384  2
      1.551628      3.805984  2
      1.567461      3.602484  2
      1.583294      3.434584  2
      1.599127      3.301484  2
      1.614960      3.201384  2
      1.630792      3.131984  2
      1.646625      3.091184  2
      1.662458      3.077784  2


      0.000000      4.848984  2
      0.015833      4.837784  2
      0.031666      4.808584  2
      0.047499      4.771884  2
      0.063332      4.738884  2
      0.079165      4.717284  2
      0.094998      4.711084  2
      0.110831      4.721084  2
      0.126663      4.746884  2
      0.142496      4.787184  2
      0.158329      4.608284  2
      0.174162      4.907784  2
      0.189995      4.986484  2
      0.205828      5.076584  2
      0.221661      5.177684  2
      0.237494      5.289284  2
      0.253327      5.411084  2
      0.269160      5.542384  2
      0.284993      5.682784  2
      0.300826      5.831384  2
      0.316659      5.987484  2
      0.332492      6.149784  2
      0.348325      6.275284  2
      0.364158      6.108184  2
      0.379990      5.947884  2
      0.395823      5.795484  2
      0.411656      5.652384  2
      0.427489      5.519484  2
      0.443322      5.397884  2
      0.459155      5.288584  2
      0.474988      5.192884  2
      0.490821      5.312984  2
      0.506654      5.460284  2
      0.522487      5.577284  2
      0.538320      5.617284  2
      0.554153      5.509484  2
      0.569986      5.701984  2
      0.585819      5.893884  2
      0.601652      6.083184  2
      0.617484      6.267784  2
      0.633317      6.444884  2
      0.649150      6.611484  2
      0.664983      6.763584  2
      0.680816      6.897484  2
      0.696649      7.009784  2
      0.712482      7.098884  2
      0.728315      7.165384  2
      0.744148      7.211884  2
      0.759981      7.242584  2
      0.775814      7.261484  2
      0.791647      7.448284  2
      0.807480      7.756884  2
      0.823313      8.068884  2
      0.839146      8.068884  2
      0.854979      7.756884  2
      0.870811      7.448284  2
      0.886644      7.261484  2
      0.902477      7.242584  2
      0.918310      7.211884  2
      0.934143      7.165384  2
      0.949976      7.098884  2
      0.965809      7.009784  2
      0.981642      6.897484  2
      0.997475      6.763584  2
      1.013308      6.611484  2
      1.029141      6.444884  2
      1.044974      6.267784  2
      1.060807      6.083184  2
      1.076640      5.893884  2
      1.092473      5.701984  2
      1.108306      5.509484  2
      1.124138      5.616384  2
      1.139971      5.575084  2
      1.155804      5.457484  2
      1.171637      5.309984  2
      1.187470      5.191384  2
      1.203303      5.286884  2
      1.219136      5.395884  2
      1.234969      5.517184  2
      1.250802      5.649784  2
      1.266635      5.792784  2
      1.282468      5.944784  2
      1.298301      6.104884  2
      1.314134      6.271684  2
      1.329967      6.149984  2
      1.345800      5.987584  2
      1.361633      5.831484  2
      1.377465      5.682784  2
      1.393298      5.542484  2
      1.409131      5.411084  2
      1.424964      5.289284  2
      1.440797      5.177684  2
      1.456630      5.076584  2
      1.472463      4.986484  2
      1.488296      4.907784  2
      1.504129      4.615184  2
      1.519962      4.787184  2
      1.535795      4.746784  2
      1.551628      4.721084  2
      1.567461      4.711084  2
      1.583294      4.717384  2
      1.599127      4.738884  2
      1.614960      4.771884  2
      1.630792      4.808584  2
      1.646625      4.837784  2
      1.662458      4.848984  2


      0.000000      5.991284  2
      0.015833      5.972484  2
      0.031666      5.916984  2
      0.047499      5.827284  2
      0.063332      5.706984  2
      0.079165      5.560584  2
      0.094998      5.392684  2
      0.110831      5.207584  2
      0.126663      5.009284  2
      0.142496      4.801284  2
      0.158329      4.841184  2
      0.174162      4.933084  2
      0.189995      5.278584  2
      0.205828      5.640984  2
      0.221661      6.016584  2
      0.237494      6.402084  2
      0.253327      6.794684  2
      0.269160      7.142584  2
      0.284993      6.974284  2
      0.300826      6.799784  2
      0.316659      6.623184  2
      0.332492      6.447584  2
      0.348325      6.317084  2
      0.364158      6.487584  2
      0.379990      6.658684  2
      0.395823      6.826984  2
      0.411656      6.987384  2
      0.427489      7.131784  2
      0.443322      7.247684  2
      0.459155      7.315884  2
      0.474988      7.311784  2
      0.490821      7.216484  2
      0.506654      7.036584  2
      0.522487      6.812084  2
      0.538320      6.616384  2
      0.554153      6.541884  2
      0.569986      6.599884  2
      0.585819      6.727784  2
      0.601652      6.884184  2
      0.617484      7.051184  2
      0.633317      7.220484  2
      0.649150      7.387184  2
      0.664983      7.547984  2
      0.680816      7.700184  2
      0.696649      7.842084  2
      0.712482      7.971884  2
      0.728315      8.088584  2
      0.744148      8.190984  2
      0.759981      8.278284  2
      0.775814      8.349584  2
      0.791647      8.404084  2
      0.807480      8.440884  2
      0.823313      8.412784  2
      0.839146      8.412784  2
      0.854979      8.440884  2
      0.870811      8.404084  2
      0.886644      8.349584  2
      0.902477      8.278284  2
      0.918310      8.190984  2
      0.934143      8.088584  2
      0.949976      7.971884  2
      0.965809      7.842084  2
      0.981642      7.700184  2
      0.997475      7.547984  2
      1.013308      7.387184  2
      1.029141      7.220484  2
      1.044974      7.051184  2
      1.060807      6.884184  2
      1.076640      6.727784  2
      1.092473      6.599884  2
      1.108306      6.541884  2
      1.124138      6.618584  2
      1.139971      6.815384  2
      1.155804      7.040084  2
      1.171637      7.219684  2
      1.187470      7.314384  2
      1.203303      7.317784  2
      1.219136      7.248984  2
      1.234969      7.132684  2
      1.250802      6.988084  2
      1.266635      6.827484  2
      1.282468      6.659084  2
      1.298301      6.487784  2
      1.314134      6.317284  2
      1.329967      6.443684  2
      1.345800      6.619084  2
      1.361633      6.795384  2
      1.377465      6.969584  2
      1.393298      7.137784  2
      1.409131      6.801584  2
      1.424964      6.409084  2
      1.440797      6.023584  2
      1.456630      5.647984  2
      1.472463      5.285684  2
      1.488296      4.940084  2
      1.504129      4.841184  2
      1.519962      4.802684  2
      1.535795      5.010484  2
      1.551628      5.208584  2
      1.567461      5.393484  2
      1.583294      5.561284  2
      1.599127      5.707484  2
      1.614960      5.827484  2
      1.630792      5.917084  2
      1.646625      5.972584  2
      1.662458      5.991284  2


      0.000000      7.696284  2
      0.015833      7.697484  2
      0.031666      7.700984  2
      0.047499      7.706784  2
      0.063332      7.714484  2
      0.079165      7.723584  2
      0.094998      7.733584  2
      0.110831      7.743184  2
      0.126663      7.751084  2
      0.142496      7.754684  2
      0.158329      7.750684  2
      0.174162      7.734384  2
      0.189995      7.699884  2
      0.205828      7.641084  2
      0.221661      7.553984  2
      0.237494      7.438784  2
      0.253327      7.299584  2
      0.269160      7.191284  2
      0.284993      7.589084  2
      0.300826      7.984684  2
      0.316659      8.374584  2
      0.332492      8.754084  2
      0.348325      9.117184  2
      0.364158      9.447484  2
      0.379990      9.562784  2
      0.395823      9.684084  2
      0.411656      9.810284  2
      0.427489      9.940184  2
      0.443322     10.027684  2
      0.459155      9.740484  2
      0.474988      9.522284  2
      0.490821      9.398284  2
      0.506654      9.371084  2
      0.522487      9.420184  2
      0.538320      9.518884  2
      0.554153      9.646284  2
      0.569986      9.512284  2
      0.585819      9.387184  2
      0.601652      9.274084  2
      0.617484      9.175984  2
      0.633317      9.095984  2
      0.649150      9.037484  2
      0.664983      9.004084  2
      0.680816      8.999184  2
      0.696649      9.025084  2
      0.712482      9.082484  2
      0.728315      9.168684  2
      0.744148      9.278184  2
      0.759981      9.402884  2
      0.775814      9.379284  2
      0.791647      9.058684  2
      0.807480      8.733584  2
      0.823313      8.459484  2
      0.839146      8.459484  2
      0.854979      8.733584  2
      0.870811      9.058684  2
      0.886644      9.379284  2
      0.902477      9.402884  2
      0.918310      9.278184  2
      0.934143      9.168684  2
      0.949976      9.082484  2
      0.965809      9.025084  2
      0.981642      8.999184  2
      0.997475      9.004084  2
      1.013308      9.037484  2
      1.029141      9.095984  2
      1.044974      9.175984  2
      1.060807      9.274084  2
      1.076640      9.387184  2
      1.092473      9.512284  2
      1.108306      9.646284  2
      1.124138      9.518484  2
      1.139971      9.419984  2
      1.155804      9.371184  2
      1.171637      9.398784  2
      1.187470      9.523384  2
      1.203303      9.742084  2
      1.219136     10.029584  2
      1.234969      9.942684  2
      1.250802      9.812884  2
      1.266635      9.686784  2
      1.282468      9.565584  2
      1.298301      9.450384  2
      1.314134      9.123084  2
      1.329967      8.760184  2
      1.345800      8.380984  2
      1.361633      7.991284  2
      1.377465      7.595684  2
      1.393298      7.198084  2
      1.409131      7.294584  2
      1.424964      7.433784  2
      1.440797      7.549284  2
      1.456630      7.636884  2
      1.472463      7.696284  2
      1.488296      7.731484  2
      1.504129      7.748384  2
      1.519962      7.752884  2
      1.535795      7.749784  2
      1.551628      7.742284  2
      1.567461      7.732884  2
      1.583294      7.723184  2
      1.599127      7.714184  2
      1.614960      7.706684  2
      1.630792      7.700984  2
      1.646625      7.697484  2
      1.662458      7.696284  2


      0.000000     10.481584  2
      0.015833     10.471184  2
      0.031666     10.429984  2
      0.047499     10.362484  2
      0.063332     10.270884  2
      0.079165     10.157984  2
      0.094998     10.027184  2
      0.110831      9.882484  2
      0.126663      9.728384  2
      0.142496      9.570384  2
      0.158329      9.414684  2
      0.174162      9.268884  2
      0.189995      9.141384  2
      0.205828      9.040484  2
      0.221661      8.972184  2
      0.237494      8.938384  2
      0.253327      8.936384  2
      0.269160      8.961084  2
      0.284993      9.007584  2
      0.300826      9.071584  2
      0.316659      9.149684  2
      0.332492      9.239584  2
      0.348325      9.339284  2
      0.364158      9.455984  2
      0.379990      9.759884  2
      0.395823     10.015784  2
      0.411656     10.209884  2
      0.427489     10.331584  2
      0.443322     10.072584  2
      0.459155     10.206084  2
      0.474988     10.292184  2
      0.490821     10.188584  2
      0.506654     10.063484  2
      0.522487      9.926784  2
      0.538320      9.785984  2
      0.554153      9.646784  2
      0.569986      9.790584  2
      0.585819      9.943084  2
      0.601652     10.099984  2
      0.617484     10.259184  2
      0.633317     10.419884  2
      0.649150     10.459584  2
      0.664983     10.399684  2
      0.680816     10.345284  2
      0.696649     10.296284  2
      0.712482     10.252784  2
      0.728315     10.214684  2
      0.744148      9.983884  2
      0.759981      9.689684  2
      0.775814      9.532284  2
      0.791647      9.653184  2
      0.807480      9.749584  2
      0.823313      9.803984  2
      0.839146      9.803984  2
      0.854979      9.749584  2
      0.870811      9.653184  2
      0.886644      9.532284  2
      0.902477      9.689684  2
      0.918310      9.983884  2
      0.934143     10.214684  2
      0.949976     10.252784  2
      0.965809     10.296284  2
      0.981642     10.345284  2
      0.997475     10.399684  2
      1.013308     10.459584  2
      1.029141     10.419884  2
      1.044974     10.259184  2
      1.060807     10.099984  2
      1.076640      9.943084  2
      1.092473      9.790584  2
      1.108306      9.646784  2
      1.124138      9.786484  2
      1.139971      9.927484  2
      1.155804     10.064384  2
      1.171637     10.189784  2
      1.187470     10.293684  2
      1.203303     10.208384  2
      1.219136     10.074984  2
      1.234969     10.334784  2
      1.250802     10.213784  2
      1.266635     10.020384  2
      1.282468      9.764984  2
      1.298301      9.461484  2
      1.314134      9.342384  2
      1.329967      9.242784  2
      1.345800      9.153084  2
      1.361633      9.075184  2
      1.377465      9.011384  2
      1.393298      8.964884  2
      1.409131      8.940084  2
      1.424964      8.941984  2
      1.440797      8.975384  2
      1.456630      9.042984  2
      1.472463      9.143084  2
      1.488296      9.269784  2
      1.504129      9.414784  2
      1.519962      9.569684  2
      1.535795      9.726984  2
      1.551628      9.880484  2
      1.567461     10.024784  2
      1.583294     10.155184  2
      1.599127     10.267684  2
      1.614960     10.359084  2
      1.630792     10.426384  2
      1.646625     10.467684  2
      1.662458     10.481584  2


      0.000000     10.486684  2
      0.015833     10.490784  2
      0.031666     10.513084  2
      0.047499     10.549184  2
      0.063332     10.596984  2
      0.079165     10.654584  2
      0.094998     10.720084  2
      0.110831     10.792084  2
      0.126663     10.869284  2
      0.142496     10.950784  2
      0.158329     11.035884  2
      0.174162     11.123884  2
      0.189995     11.214084  2
      0.205828     11.305884  2
      0.221661     11.398284  2
      0.237494     11.490184  2
      0.253327     11.579884  2
      0.269160     11.665684  2
      0.284993     11.744984  2
      0.300826     11.814984  2
      0.316659     11.872384  2
      0.332492     11.913384  2
      0.348325     11.793984  2
      0.364158     11.579484  2
      0.379990     11.318084  2
      0.395823     11.017284  2
      0.411656     10.689784  2
      0.427489     10.352884  2
      0.443322     10.378984  2
      0.459155     10.360884  2
      0.474988     10.339184  2
      0.490821     10.469984  2
      0.506654     10.596684  2
      0.522487     10.716984  2
      0.538320     10.828484  2
      0.554153     10.927584  2
      0.569986     10.838584  2
      0.585819     10.752584  2
      0.601652     10.671484  2
      0.617484     10.595584  2
      0.633317     10.524884  2
      0.649150     10.581884  2
      0.664983     10.745284  2
      0.680816     10.871584  2
      0.696649     10.704084  2
      0.712482     10.497284  2
      0.728315     10.255384  2
      0.744148     10.182284  2
      0.759981     10.155184  2
      0.775814     10.133484  2
      0.791647     10.117284  2
      0.807480     10.106384  2
      0.823313     10.100984  2
      0.839146     10.100984  2
      0.854979     10.106384  2
      0.870811     10.117284  2
      0.886644     10.133484  2
      0.902477     10.155184  2
      0.918310     10.182284  2
      0.934143     10.255384  2
      0.949976     10.497284  2
      0.965809     10.704084  2
      0.981642     10.871584  2
      0.997475     10.745284  2
      1.013308     10.581884  2
      1.029141     10.524884  2
      1.044974     10.595584  2
      1.060807     10.671484  2
      1.076640     10.752584  2
      1.092473     10.838584  2
      1.108306     10.927584  2
      1.124138     10.830184  2
      1.139971     10.718884  2
      1.155804     10.598584  2
      1.171637     10.472084  2
      1.187470     10.341284  2
      1.203303     10.362784  2
      1.219136     10.381484  2
      1.234969     10.354884  2
      1.250802     10.691684  2
      1.266635     11.018984  2
      1.282468     11.319484  2
      1.298301     11.580484  2
      1.314134     11.794684  2
      1.329967     11.910584  2
      1.345800     11.869584  2
      1.361633     11.812484  2
      1.377465     11.742684  2
      1.393298     11.663484  2
      1.409131     11.577984  2
      1.424964     11.488484  2
      1.440797     11.396984  2
      1.456630     11.304884  2
      1.472463     11.213384  2
      1.488296     11.123484  2
      1.504129     11.035884  2
      1.519962     10.951284  2
      1.535795     10.870184  2
      1.551628     10.793484  2
      1.567461     10.721984  2
      1.583294     10.656884  2
      1.599127     10.599784  2
      1.614960     10.552384  2
      1.630792     10.516584  2
      1.646625     10.494284  2
      1.662458     10.486684  2


      0.000000     14.944984  2
      0.015833     14.952884  2
      0.031666     14.972884  2
      0.047499     13.770584  2
      0.063332     12.888084  2
      0.079165     12.317184  2
      0.094998     11.978584  2
      0.110831     11.802584  2
      0.126663     11.737384  2
      0.142496     11.745484  2
      0.158329     11.799384  2
      0.174162     11.878484  2
      0.189995     11.966684  2
      0.205828     12.052284  2
      0.221661     12.126284  2
      0.237494     12.182684  2
      0.253327     12.217484  2
      0.269160     12.227584  2
      0.284993     12.210684  2
      0.300826     12.163384  2
      0.316659     12.081684  2
      0.332492     11.960284  2
      0.348325     11.934884  2
      0.364158     11.934384  2
      0.379990     11.910884  2
      0.395823     11.865684  2
      0.411656     11.801484  2
      0.427489     11.721984  2
      0.443322     11.631384  2
      0.459155     11.533484  2
      0.474988     11.431384  2
      0.490821     11.327684  2
      0.506654     11.224284  2
      0.522487     11.122784  2
      0.538320     11.024184  2
      0.554153     10.929884  2
      0.569986     11.013084  2
      0.585819     11.079684  2
      0.601652     11.124184  2
      0.617484     11.142484  2
      0.633317     11.130184  2
      0.649150     11.083184  2
      0.664983     10.997784  2
      0.680816     10.910084  2
      0.696649     11.075484  2
      0.712482     11.240284  2
      0.728315     11.402084  2
      0.744148     11.557984  2
      0.759981     11.703584  2
      0.775814     11.833784  2
      0.791647     11.797184  2
      0.807480     11.677384  2
      0.823313     11.611684  2
      0.839146     11.611684  2
      0.854979     11.677384  2
      0.870811     11.797184  2
      0.886644     11.833784  2
      0.902477     11.703584  2
      0.918310     11.557984  2
      0.934143     11.402084  2
      0.949976     11.240284  2
      0.965809     11.075484  2
      0.981642     10.910084  2
      0.997475     10.997784  2
      1.013308     11.083184  2
      1.029141     11.130184  2
      1.044974     11.142484  2
      1.060807     11.124184  2
      1.076640     11.079684  2
      1.092473     11.013084  2
      1.108306     10.929884  2
      1.124138     11.022484  2
      1.139971     11.120984  2
      1.155804     11.222384  2
      1.171637     11.325584  2
      1.187470     11.429184  2
      1.203303     11.531084  2
      1.219136     11.628984  2
      1.234969     11.719384  2
      1.250802     11.798684  2
      1.266635     11.862784  2
      1.282468     11.907984  2
      1.298301     11.931384  2
      1.314134     11.931984  2
      1.329967     11.960684  2
      1.345800     12.081884  2
      1.361633     12.163484  2
      1.377465     12.210584  2
      1.393298     12.227484  2
      1.409131     12.217284  2
      1.424964     12.182484  2
      1.440797     12.126084  2
      1.456630     12.052084  2
      1.472463     11.966484  2
      1.488296     11.878284  2
      1.504129     11.799284  2
      1.519962     11.745384  2
      1.535795     11.737384  2
      1.551628     11.802684  2
      1.567461     11.978684  2
      1.583294     12.317484  2
      1.599127     12.888484  2
      1.614960     13.771084  2
      1.630792     14.971584  2
      1.646625     14.951684  2
      1.662458     14.944984  2


      0.000000     14.946584  2
      0.015833     14.971784  2
      0.253327     14.798984  2
      0.269160     14.595984  2
      0.284993     14.395984  2
      0.300826     14.199584  2
      0.316659     14.008484  2
      0.332492     13.825484  2
      0.348325     13.654984  2
      0.364158     13.503284  2
      0.379990     13.379584  2
      0.395823     13.295284  2
      0.411656     13.262084  2
      0.427489     13.287784  2
      0.443322     13.370584  2
      0.459155     13.496984  2
      0.474988     13.611584  2
      0.490821     13.569084  2
      0.506654     13.537684  2
      0.522487     13.516084  2
      0.538320     13.503484  2
      0.554153     13.499284  2
      0.569986     13.503584  2
      0.585819     13.516584  2
      0.601652     13.538684  2
      0.617484     13.570384  2
      0.633317     13.612484  2
      0.649150     13.518984  2
      0.664983     13.339684  2
      0.680816     13.148784  2
      0.696649     12.949284  2
      0.712482     12.744684  2
      0.728315     12.538284  2
      0.744148     12.334084  2
      0.759981     12.137284  2
      0.775814     11.955084  2
      0.791647     11.942384  2
      0.807480     12.021484  2
      0.823313     12.063684  2
      0.839146     12.063684  2
      0.854979     12.021484  2
      0.870811     11.942384  2
      0.886644     11.955084  2
      0.902477     12.137284  2
      0.918310     12.334084  2
      0.934143     12.538284  2
      0.949976     12.744684  2
      0.965809     12.949284  2
      0.981642     13.148784  2
      0.997475     13.339684  2
      1.013308     13.518984  2
      1.029141     13.612484  2
      1.044974     13.570384  2
      1.060807     13.538684  2
      1.076640     13.516584  2
      1.092473     13.503584  2
      1.108306     13.499284  2
      1.124138     13.503684  2
      1.139971     13.516484  2
      1.155804     13.538284  2
      1.171637     13.569884  2
      1.187470     13.612684  2
      1.203303     13.500384  2
      1.219136     13.373984  2
      1.234969     13.290984  2
      1.250802     13.264784  2
      1.266635     13.297584  2
      1.282468     13.381584  2
      1.298301     13.504984  2
      1.314134     13.656484  2
      1.329967     13.826884  2
      1.345800     14.009784  2
      1.361633     14.200784  2
      1.377465     14.396984  2
      1.393298     14.596884  2
      1.409131     14.799784  2
      1.646625     14.972984  2
      1.662458     14.946584  2


      0.348325     14.838884  2
      0.364158     14.548684  2
      0.379990     14.305584  2
      0.395823     14.109084  2
      0.411656     13.954184  2
      0.427489     13.833484  2
      0.443322     13.739884  2
      0.459155     13.667384  2
      0.474988     13.646484  2
      0.490821     13.797484  2
      0.506654     13.931484  2
      0.522487     14.034584  2
      0.538320     14.098684  2
      0.554153     14.120284  2
      0.569986     14.099984  2
      0.585819     14.041184  2
      0.601652     13.948784  2
      0.617484     13.827684  2
      0.633317     13.682884  2
      0.649150     13.665984  2
      0.664983     13.731684  2
      0.680816     13.810684  2
      0.696649     13.903884  2
      0.712482     14.011884  2
      0.728315     14.014684  2
      0.744148     13.891084  2
      0.759981     13.792184  2
      0.775814     13.715784  2
      0.791647     13.659984  2
      0.807480     13.623484  2
      0.823313     13.605484  2
      0.839146     13.605484  2
      0.854979     13.623484  2
      0.870811     13.659984  2
      0.886644     13.715784  2
      0.902477     13.792184  2
      0.918310     13.891084  2
      0.934143     14.014684  2
      0.949976     14.011884  2
      0.965809     13.903884  2
      0.981642     13.810684  2
      0.997475     13.731684  2
      1.013308     13.665984  2
      1.029141     13.682884  2
      1.044974     13.827684  2
      1.060807     13.948784  2
      1.076640     14.041184  2
      1.092473     14.099984  2
      1.108306     14.120284  2
      1.124138     14.099484  2
      1.139971     14.036184  2
      1.155804     13.933684  2
      1.171637     13.800384  2
      1.187470     13.649684  2
      1.203303     13.668884  2
      1.219136     13.741684  2
      1.234969     13.835584  2
      1.250802     13.956784  2
      1.266635     14.112284  2
      1.282468     14.309284  2
      1.298301     14.553084  2
      1.314134     14.843784  2


      0.664983     14.780384  2
      0.680816     14.549084  2
      0.696649     14.343184  2
      0.712482     14.164884  2
      0.728315     14.133984  2
      0.744148     14.267484  2
      0.759981     14.405284  2
      0.775814     14.530184  2
      0.791647     14.592484  2
      0.807480     14.545284  2
      0.823313     14.489384  2
      0.839146     14.489384  2
      0.854979     14.545284  2
      0.870811     14.592484  2
      0.886644     14.530184  2
      0.902477     14.405284  2
      0.918310     14.267484  2
      0.934143     14.133984  2
      0.949976     14.164884  2
      0.965809     14.343184  2
      0.981642     14.549084  2
      0.997475     14.780384  2


      0.791647     14.922884  2
      0.807480     14.917784  2
      0.823313     14.950484  2
      0.839146     14.950484  2
      0.854979     14.917784  2
      0.870811     14.922884  2


