    28
     1   -0.296868   -0.102838    0.004156       0.040816
     2   -0.178121   -0.034279    0.004156       0.040816
     3   -0.059374    0.034279    0.004156       0.040816
     4    0.059374    0.102838    0.004156       0.040816
     5    0.178121    0.171397    0.004156       0.040816
     6    0.296868    0.239955    0.004156       0.040816
     7    0.415615    0.308514    0.004156       0.040816
     8   -0.296868    0.034279    0.004156       0.040816
     9   -0.178121    0.102838    0.004156       0.040816
    10   -0.059374    0.171397    0.004156       0.040816
    11    0.059374    0.239955    0.004156       0.040816
    12    0.178121    0.308514    0.004156       0.040816
    13    0.296868    0.377072    0.004156       0.040816
    14    0.415615    0.445631    0.004156       0.040816
    15   -0.296868    0.171397    0.004156       0.040816
    16   -0.178121    0.239955    0.004156       0.040816
    17   -0.059374    0.308514    0.004156       0.040816
    18    0.059374    0.377072    0.004156       0.040816
    19    0.178121    0.445631    0.004156       0.040816
    20    0.296868    0.514190    0.004156       0.040816
    21    0.415615    0.582748    0.004156       0.040816
    22   -0.296868    0.308514    0.004156       0.020408
    23   -0.178121    0.377072    0.004156       0.020408
    24   -0.059374    0.445631    0.004156       0.020408
    25    0.059374    0.514190    0.004156       0.020408
    26    0.178121    0.582748    0.004156       0.020408
    27    0.296868    0.651307    0.004156       0.020408
    28    0.415615    0.719866    0.004156       0.020408
