     1  1  0.04081633       4
     1  2  0.04081633       4
     2  1  0.04081633       4
     2  2  0.04081633       4
     3  1  0.04081633       4
     3  2  0.04081633       4
     4  1  0.02040816       4
     4  2  0.02040816       4
     5  1  0.04081633       4
     5  2  0.04081633       4
     6  1  0.04081633       4
     6  2  0.04081633       4
     7  1  0.04081633       4
     7  2  0.04081633       4
     8  1  0.04081633       4
     8  2  0.04081633       4
     9  1  0.04081633       4
     9  2  0.04081633       4
    10  1  0.04081633       4
    10  2  0.04081633       4
    11  1  0.04081633       4
    11  2  0.04081633       4
    12  1  0.04081633       4
    12  2  0.04081633       4
    13  1  0.04081633       4
    13  2  0.04081633       4
    14  1  0.04081633       4
    14  2  0.04081633       4
    15  1  0.04081633       4
    15  2  0.04081633       4
    16  1  0.04081633       4
    16  2  0.04081633       4
    17  1  0.04081633       4
    17  2  0.04081633       4
    18  1  0.04081633       4
    18  2  0.04081633       4
    19  1  0.04081633       4
    19  2  0.04081633       4
    20  1  0.04081633       4
    20  2  0.04081633       4
    21  1  0.04081633       4
    21  2  0.04081633       4
    22  1  0.04081633       4
    22  2  0.04081633       4
    23  1  0.04081633       4
    23  2  0.04081633       4
    24  1  0.04081633       4
    24  2  0.04081633       4
    25  1  0.04081633       4
    25  2  0.04081633       4
